1.22457e-04 -1.17216e-04 2.86340e-02 -5.32582e-04 2.05073e-03 -1.02053e-05 1.11752e-03 -1.96678e-04 -5.07649e-06 4.51973e-06 -2.29536e-03 6.67805e-07 -6.81655e-05 2.64633e-05 -7.98493e-05 2.04167e-03 -1.68452e-05 1.14578e-06 -1.31162e-03 8.88938e-04 -1.08091e-06 -1.07319e-06 -4.93447e-03 7.47641e-04 -3.59958e-04 2.57076e-04 -2.58208e-06 -6.22841e-04 3.09532e-04 -6.79266e-04 2.77855e-05 -2.37380e-03 8.37213e-05 -4.78521e-04 -1.94368e-04 1.77528e-04 -1.05384e-04 1.08617e-03 9.86021e-04 -3.69857e-04 -9.07885e-04 7.05098e-04 -8.14805e-05 1.33357e-03 -1.92815e-03 6.27660e-05 -3.76754e-05 5.38427e-04 -1.45307e-04 -2.75703e-05 -2.69185e-05 4.24355e-06 -3.10925e-06 3.73684e-03 -5.63135e-04 3.13910e-06 -7.50836e-04 -7.48283e-04 4.79972e-04 -3.09981e-04 -2.11385e-05 1.00907e-05 -1.99512e-04 1.45968e-04 -2.28729e-04 1.85488e-04 -7.68845e-04 3.13275e-04 -2.30145e-04 -8.97919e-04 -3.29901e-06 5.27325e-06 -4.43345e-06 -5.12698e-06 5.80437e-05 -5.79750e-05 1.04469e-04 -1.04318e-04 -1.85243e-04 1.51912e-04 -3.77693e-04 2.72314e-04 -5.00271e-05 1.85862e-05 -1.43286e-04 1.42874e-04 -3.71087e-04 3.68888e-04 -8.26859e-05 8.25955e-05 -2.08960e-04 2.08349e-04 8.98178e-05 -2.32498e-05 -2.73140e-08 -6.35244e-08 2.23063e-03 -1.06401e-04 2.88838e-03 -7.98764e-04 6.38126e-59 -3.96638e-63 1.98230e-60 2.72430e-62 -1.62700e-64 -2.93437e-62 3.24002e-59 -1.90926e-59 8.45890e-62 -2.01797e-59 -3.24290e-59 1.51802e-60 -5.62900e-62 1.77108e-59 3.21484e-61 -2.24662e-61 4.61310e-63 -6.18281e-61 1.30082e-60 4.00971e-59 -9.51397e-61 -5.01043e-61 2.40125e-62 -2.24120e-63 5.66177e-61 -1.11475e-61 -3.48453e-62 -1.17377e-61 -1.05456e-60 -4.00278e-61 -2.91619e-64 -6.38080e-63 -2.70322e-63 -2.70148e-60 1.38907e-60 2.24984e-59 -1.00219e-59 -2.22517e-62 9.70286e-61 4.76837e-61 6.29730e-62 2.33333e-61 7.99487e-61 -1.18518e-59 9.40607e-60 -3.75701e-62 4.60297e-62 2.75517e-61 -3.05296e-59 -6.77488e-63 5.13847e-61 -9.17604e-62 -7.67452e-63 -4.94930e-61 -6.56574e-64 -3.41102e-63 -1.96834e-38 5.64320e-37 -3.38432e-03 6.02036e-04 -5.92916e-05 2.12602e-03 7.29719e-04 -3.17017e-04 -4.39228e-04 3.63057e-04 2.27675e-03 -4.05528e-04 1.74870e-06 -6.10582e-04 -3.49804e-06 3.49700e-06 -1.30753e-05 1.30752e-05 1.19914e-61 -3.02760e-62 5.05483e-05 -5.04955e-05 -3.84811e-04 3.90752e-04 9.53763e-05 -9.60127e-05 4.01800e-04 -3.36175e-04 5.90395e-04 -1.10713e-04 1.09438e-04 -5.23369e-05 5.20825e-05 -1.61509e-04 1.61492e-04 -2.69476e-05 2.27793e-05 2.08645e-04 -1.60818e-04 -5.20612e-06 6.70674e-06 2.58926e-04 -2.00307e-04 -1.17000e-04 9.20368e-05 1.00333e-04 -7.69828e-05 -4.96571e-05 4.34475e-05 1.52836e-04 -1.14706e-04 -2.57997e-04 2.02355e-04 -9.19308e-05 7.01403e-05 1.85587e-04 -1.45482e-04 1.97902e-04 -1.53221e-04 9.71975e-04 3.77186e-04 5.49727e-04 2.41039e-04 1.74871e-04 4.38997e-05 9.73227e-05 1.56180e-05 5.40268e-05 1.91222e-05 -3.44326e-05 -3.71933e-05 -3.44804e-06 1.32998e-05 -1.01670e-05 -3.24190e-05 2.46924e-05 -5.28916e-05 -2.05264e-05
-1.17216e-04 1.12321e-04 -2.72022e-02 5.05074e-04 -1.98231e-03 9.86422e-06 -1.08600e-03 1.91286e-04 4.93366e-06 -4.39249e-06 2.14062e-03 -6.19828e-07 6.31334e-05 -2.42159e-05 7.48968e-05 -1.92432e-03 1.60823e-05 -1.09321e-06 1.23103e-03 -8.32683e-04 1.05184e-06 1.04485e-06 4.67120e-03 -7.07540e-04 3.23662e-04 -2.47167e-04 2.43053e-06 5.83843e-04 -2.88875e-04 6.38735e-04 -2.68511e-05 2.24082e-03 -8.07537e-05 4.46449e-04 1.85799e-04 -1.69565e-04 9.86020e-05 -1.01445e-03 -9.55148e-04 3.58008e-04 8.51121e-04 -6.60405e-04 7.68167e-05 -1.25774e-03 1.82140e-03 -6.05362e-05 3.59629e-05 -5.14409e-04 1.38811e-04 2.63116e-05 2.57126e-05 -4.10314e-06 3.01551e-06 -3.54940e-03 5.34755e-04 -2.99650e-06 7.17753e-04 6.96493e-04 -4.65231e-04 3.01270e-04 1.74619e-05 -7.95310e-06 1.86835e-04 -1.36485e-04 2.13934e-04 -1.78782e-04 7.24027e-04 -3.04009e-04 2.23806e-04 8.49643e-04 3.11232e-06 -5.11636e-06 3.69367e-06 5.02665e-06 -5.65130e-05 5.64461e-05 -1.01664e-04 1.01517e-04 1.74241e-04 -1.42962e-04 3.60259e-04 -2.59613e-04 5.08005e-05 -1.97446e-05 1.39054e-04 -1.38655e-04 3.59169e-04 -3.57044e-04 8.04806e-05 -8.03926e-05 2.02293e-04 -2.01703e-04 -8.75100e-05 2.26486e-05 2.64353e-08 6.07700e-08 -2.13610e-03 1.01891e-04 -2.80131e-03 7.73291e-04 -2.66366e-60 1.65496e-64 -8.37338e-62 -1.14639e-63 6.87586e-66 1.22234e-63 -1.34678e-60 7.92760e-61 -3.48473e-63 8.38729e-61 1.34838e-60 -6.31073e-62 2.33861e-63 -7.38236e-61 -1.29575e-62 9.05323e-63 -1.91819e-64 2.55803e-62 -5.39542e-62 -1.67118e-60 3.99710e-62 2.11021e-62 -1.01127e-63 9.69557e-65 -2.42828e-62 5.19624e-63 1.45404e-63 4.86486e-63 4.38789e-62 1.66390e-62 1.23357e-65 2.68563e-64 1.12970e-64 1.13796e-61 -5.85085e-62 -9.36539e-61 4.16619e-61 9.77915e-64 -4.05310e-62 -1.99624e-62 -2.64662e-63 -9.75472e-63 -3.35952e-62 4.94016e-61 -3.91947e-61 2.23888e-63 -2.57638e-63 -1.13313e-62 1.26867e-60 2.97646e-64 -2.23046e-62 3.78214e-63 3.21020e-64 2.05798e-62 2.65265e-65 1.43219e-64 1.84480e-38 -5.40485e-37 3.21370e-03 -5.71797e-04 5.59464e-05 -2.01470e-03 -7.06723e-04 3.06877e-04 4.14031e-04 -3.42087e-04 -2.16386e-03 3.85495e-04 -1.66824e-06 5.83491e-04 3.36382e-06 -3.36282e-06 1.25083e-05 -1.25082e-05 -5.36207e-63 1.35305e-63 -4.92088e-05 4.91574e-05 3.74826e-04 -3.80609e-04 -9.10623e-05 9.16374e-05 -3.92324e-04 3.28248e-04 -5.75704e-04 1.06733e-04 -1.05506e-04 5.00862e-05 -4.98437e-05 1.54475e-04 -1.54459e-04 2.53846e-05 -2.14887e-05 -2.03974e-04 1.57223e-04 4.97197e-06 -6.44669e-06 -2.51596e-04 1.94620e-04 1.13571e-04 -8.93219e-05 -9.71509e-05 7.45323e-05 4.85966e-05 -4.24928e-05 -1.47214e-04 1.10433e-04 2.47177e-04 -1.93858e-04 8.72450e-05 -6.65520e-05 -1.77660e-04 1.39240e-04 -1.89718e-04 1.46870e-04 -9.41769e-04 -3.66174e-04 -5.32824e-04 -2.34741e-04 -1.69489e-04 -4.27068e-05 -9.44222e-05 -1.55111e-05 -5.17925e-05 -1.81786e-05 3.29337e-05 3.56353e-05 3.30766e-06 -1.28386e-05 9.83184e-06 3.16253e-05 -2.40849e-05 5.15817e-05 1.99909e-05
2.86340e-02 -2.72022e-02 1.40418e+01 -2.46116e-01 1.53983e+00 -7.64197e-03 1.00355e+00 -1.76773e-01 -4.88310e-03 4.34583e-03 -6.22793e-01 1.52782e-04 -1.31657e-02 1.96069e-03 -2.61900e-02 7.42778e-01 -9.03878e-03 6.09762e-04 -4.40223e-01 2.78842e-01 -1.03686e-03 -1.02422e-03 -2.09996e+00 3.15118e-01 1.15430e-01 1.62626e-01 -6.11095e-04 -2.00138e-01 8.46162e-02 -2.29986e-01 2.18620e-02 -9.25958e-01 6.26180e-02 -8.74721e-02 -1.10262e-01 9.79588e-02 -3.04277e-02 2.25810e-01 8.24303e-01 -3.01786e-01 -2.92232e-01 2.19791e-01 -2.92751e-02 4.40750e-01 -7.80270e-01 4.68606e-02 -1.94022e-02 2.95961e-01 -7.96197e-02 -1.41742e-02 -1.45898e-02 2.96334e-03 -2.27371e-03 1.73297e+00 -2.59104e-01 1.54771e-03 -3.95433e-01 -1.70088e-01 3.45814e-01 -2.31680e-01 2.13845e-02 -1.40322e-02 -5.81200e-02 4.00913e-02 -5.45545e-02 1.24607e-01 -2.69778e-01 2.33161e-01 -1.76781e-01 -3.64266e-01 -9.77383e-04 4.63533e-03 9.02259e-03 -5.29070e-03 5.55686e-02 -5.55028e-02 1.00424e-01 -1.00279e-01 -2.96523e-02 3.00711e-02 -1.97395e-01 1.40085e-01 -1.06891e-01 6.24809e-02 -1.27652e-01 1.27307e-01 -3.06362e-01 3.04636e-01 -7.91918e-02 7.91061e-02 -1.73571e-01 1.73083e-01 8.87608e-02 -2.28632e-02 -2.21838e-05 -3.58694e-05 1.30425e+00 -6.22052e-02 2.48935e+00 -6.52756e-01 0.0 0.0 0.0 0.0 0.0 0.0 0.0 0.0 0.0 0.0 0.0 0.0 0.0 0.0 0.0 0.0 0.0 0.0 0.0 0.0 0.0 0.0 0.0 0.0 0.0 0.0 0.0 0.0 0.0 0.0 0.0 0.0 0.0 0.0 0.0 0.0 0.0 0.0 0.0 0.0 0.0 0.0 0.0 0.0 0.0 0.0 0.0 0.0 0.0 0.0 0.0 0.0 0.0 0.0 0.0 0.0 -7.64092e-36 3.10280e-34 -1.53446e+00 2.74823e-01 -2.23219e-02 8.97624e-01 6.03479e-01 -2.58030e-01 -1.60147e-01 1.30502e-01 1.05961e+00 -1.89935e-01 8.61311e-04 -3.21553e-01 -2.38433e-03 2.38366e-03 -7.38301e-03 7.38296e-03 0.0 0.0 4.81939e-02 -4.81437e-02 -3.76982e-01 3.82611e-01 4.97322e-02 -4.93087e-02 4.13746e-01 -3.46199e-01 5.92357e-01 -8.06739e-02 7.97934e-02 -3.01254e-02 2.99946e-02 -9.03647e-02 9.03558e-02 -4.57001e-03 4.69404e-03 2.21793e-01 -1.70954e-01 -4.73837e-03 6.20973e-03 2.36700e-01 -1.82630e-01 -1.04507e-01 8.16292e-02 8.49310e-02 -6.48556e-02 -5.81010e-02 4.98714e-02 1.07187e-01 -7.91726e-02 -1.53548e-01 1.20145e-01 -3.66042e-02 2.76654e-02 1.03811e-01 -8.06058e-02 1.17359e-01 -9.05544e-02 8.29556e-01 3.39370e-01 4.74319e-01 2.35289e-01 1.50405e-01 4.14996e-02 8.69032e-02 2.29253e-02 3.28873e-02 8.33907e-03 -1.85364e-02 -2.15714e-02 -2.11628e-03 1.06808e-02 -8.45735e-03 -3.16493e-02 2.44160e-02 -5.32627e-02 -1.99038e-02
-5.32582e-04 5.05074e-04 -2.46116e-01 4.38878e-03 -2.44248e-02 1.21367e-04 -1.52632e-02 2.70220e-03 7.18371e-05 -6.39421e-05 1.28480e-02 -3.28482e-06 3.03144e-04 -7.06550e-05 5.06473e-04 -1.41858e-02 1.55612e-04 -1.04027e-05 8.46556e-03 -5.45625e-03 1.53713e-05 1.52564e-05 3.83178e-02 -5.76513e-03 -6.88367e-04 -2.71066e-03 1.49317e-05 3.90066e-03 -1.72221e-03 4.46382e-03 -3.38322e-04 1.72478e-02 -9.81360e-04 2.24399e-03 1.86989e-03 -1.67387e-03 6.14780e-04 -5.41355e-03 -1.27022e-02 4.68312e-03 5.67006e-03 -4.29946e-03 5.60936e-04 -8.86939e-03 1.43278e-02 -7.34613e-04 3.40704e-04 -5.05412e-03 1.36100e-03 2.48738e-04 2.51241e-04 -4.86722e-05 3.71695e-05 -3.10141e-02 4.64719e-03 -2.77046e-05 6.93314e-03 3.75000e-03 -5.67143e-03 3.78972e-03 -2.62031e-04 1.83598e-04 1.17931e-03 -8.27288e-04 1.22295e-03 -2.04830e-03 5.20423e-03 -3.79554e-03 2.86820e-03 6.76752e-03 2.12067e-05 -6.97080e-05 -7.99246e-05 7.73512e-05 -8.26693e-04 8.25713e-04 -1.48759e-03 1.48545e-03 9.66566e-04 -8.38113e-04 3.42829e-03 -2.44282e-03 1.34802e-03 -7.54178e-04 1.92897e-03 -1.92367e-03 4.72108e-03 -4.69409e-03 1.17728e-03 -1.17601e-03 2.67055e-03 -2.66295e-03 -1.30654e-03 3.37003e-04 3.45043e-07 6.11917e-07 -2.20277e-02 1.05063e-03 -3.81260e-02 1.01408e-02 0.0 0.0 0.0 0.0 0.0 0.0 0.0 0.0 0.0 0.0 0.0 0.0 0.0 0.0 0.0 0.0 0.0 0.0 0.0 0.0 0.0 0.0 0.0 0.0 0.0 0.0 0.0 0.0 0.0 0.0 0.0 0.0 0.0 0.0 0.0 0.0 0.0 0.0 0.0 0.0 0.0 0.0 0.0 0.0 0.0 0.0 0.0 0.0 0.0 0.0 0.0 0.0 0.0 0.0 0.0 0.0 1.28799e-37 -5.37606e-36 2.76975e-02 -4.95103e-03 4.20788e-04 -1.65330e-02 -9.34408e-03 4.01417e-03 3.04964e-03 -2.49444e-03 -1.89987e-02 3.39952e-03 -1.53815e-05 5.63013e-03 3.87028e-05 -3.86918e-05 1.25951e-04 -1.25950e-04 0.0 0.0 -7.17801e-04 7.17052e-04 5.56817e-03 -5.65247e-03 -8.73397e-04 8.70428e-04 -6.05680e-03 5.06793e-03 -8.70442e-03 1.28866e-03 -1.27442e-03 5.14215e-04 -5.11913e-04 1.54636e-03 -1.54621e-03 1.50141e-04 -1.35662e-04 -3.21652e-03 2.47977e-03 5.96391e-05 -8.32332e-05 -3.56107e-03 2.74975e-03 1.57997e-03 -1.23695e-03 -1.29442e-03 9.90102e-04 8.05114e-04 -6.95266e-04 -1.73435e-03 1.28699e-03 2.58167e-03 -2.02178e-03 7.01132e-04 -5.31725e-04 -1.78055e-03 1.38729e-03 -1.98647e-03 1.53426e-03 -1.26637e-02 -5.11482e-03 -7.21616e-03 -3.47680e-03 -2.29209e-03 -6.19022e-04 -1.30736e-03 -3.11595e-04 -5.49302e-04 -1.54394e-04 3.22012e-04 3.67712e-04 3.53276e-05 -1.63737e-04 1.29015e-04 4.73662e-04 -3.62493e-04 7.81869e-04 2.95113e-04
2.05073e-03 -1.98231e-03 1.53983e+00 -2.44248e-02 4.64892e-01 -2.30101e-03 1.93618e-01 -3.36814e-02 -1.01687e-03 9.04723e-04 -2.23584e-02 1.86690e-06 3.85155e-04 -7.61114e-04 -1.91105e-03 5.82625e-02 -1.19860e-03 8.34677e-05 -3.35476e-02 1.86233e-02 -2.12093e-04 -2.07185e-04 -2.16605e-01 3.20646e-02 5.31835e-02 2.41298e-02 4.99594e-05 -1.37928e-02 3.79910e-03 -1.61320e-02 4.02915e-03 -8.56723e-02 1.11753e-02 1.00034e-02 -1.55176e-02 1.34110e-02 -1.45446e-03 -1.47091e-02 1.54101e-01 -5.54303e-02 -2.08598e-02 1.47192e-02 -2.23855e-03 2.06234e-02 -7.82666e-02 8.35694e-03 -2.36859e-03 4.04403e-02 -1.08406e-02 -1.73647e-03 -1.93312e-03 4.59288e-04 -3.57181e-04 1.95769e-01 -2.89764e-02 1.72944e-04 -4.85237e-02 6.65423e-04 5.37829e-02 -3.62733e-02 5.80156e-03 -3.46538e-03 -2.62112e-03 1.42116e-03 9.82641e-04 1.93280e-02 -1.97259e-02 3.71097e-02 -2.83946e-02 -3.39366e-02 1.41443e-07 9.14669e-04 3.38727e-03 -1.10373e-03 1.12725e-02 -1.12591e-02 2.05780e-02 -2.05483e-02 9.75436e-03 -5.61255e-03 -2.53298e-02 1.76869e-02 -2.89928e-02 1.79641e-02 -2.50103e-02 2.49449e-02 -5.72692e-02 5.69580e-02 -1.60976e-02 1.60804e-02 -3.25725e-02 3.24837e-02 1.84350e-02 -4.73448e-03 -4.04960e-06 -4.91930e-06 1.85470e-01 -8.84485e-03 4.72299e-01 -1.19511e-01 0.0 0.0 0.0 0.0 0.0 0.0 0.0 0.0 0.0 0.0 0.0 0.0 0.0 0.0 0.0 0.0 0.0 0.0 0.0 0.0 0.0 0.0 0.0 0.0 0.0 0.0 0.0 0.0 0.0 0.0 0.0 0.0 0.0 0.0 0.0 0.0 0.0 0.0 0.0 0.0 0.0 0.0 0.0 0.0 0.0 0.0 0.0 0.0 0.0 0.0 0.0 0.0 0.0 0.0 0.0 0.0 -5.05947e-37 3.95850e-35 -1.66264e-01 3.00596e-02 -1.91274e-03 8.75797e-02 1.11477e-01 -4.70938e-02 -1.28458e-02 1.02027e-02 1.18470e-01 -2.14115e-02 9.74611e-05 -3.97137e-02 -3.87009e-04 3.86903e-04 -1.01254e-03 1.01254e-03 0.0 0.0 9.75155e-03 -9.74140e-03 -7.77362e-02 7.88623e-02 6.08435e-03 -5.89845e-03 8.69288e-02 -7.27389e-02 1.23470e-01 -1.37127e-02 1.35683e-02 -4.13554e-03 4.11963e-03 -1.22491e-02 1.22479e-02 1.53643e-03 -1.02171e-03 4.75035e-02 -3.65977e-02 -1.28444e-03 1.53312e-03 4.68417e-02 -3.60769e-02 -2.04516e-02 1.58882e-02 1.63127e-02 -1.24069e-02 -1.35804e-02 1.15313e-02 1.75462e-02 -1.27827e-02 -2.21909e-02 1.73119e-02 -2.70967e-03 1.99399e-03 1.38707e-02 -1.06265e-02 1.65480e-02 -1.27234e-02 1.58684e-01 6.68971e-02 9.14725e-02 4.84674e-02 2.88882e-02 8.37311e-03 1.72045e-02 5.54038e-03 4.86329e-03 7.78349e-04 -2.35237e-03 -2.96352e-03 -3.13142e-04 2.02521e-03 -1.62185e-03 -6.33273e-03 4.97494e-03 -1.11266e-02 -4.06886e-03
-1.02053e-05 9.86422e-06 -7.64197e-03 1.21367e-04 -2.30101e-03 1.13915e-05 -9.55064e-04 1.66298e-04 4.99946e-06 -4.44816e-06 1.17705e-04 -1.05049e-08 -1.75067e-06 3.72958e-06 9.53993e-06 -2.91483e-04 5.92766e-06 -4.09996e-07 1.67789e-04 -9.32952e-05 1.04327e-06 1.01942e-06 1.07791e-03 -1.59610e-04 -2.60436e-04 -1.19277e-04 -2.27765e-07 6.92470e-05 -1.92153e-05 8.10334e-05 -1.97792e-05 4.27338e-04 -5.48995e-05 -4.78722e-05 7.68882e-05 -6.64800e-05 7.32371e-06 6.98750e-05 -7.60134e-04 2.73561e-04 1.04175e-04 -7.35515e-05 1.11823e-05 -1.04939e-04 3.89215e-04 -4.10527e-05 1.17460e-05 -1.99701e-04 5.35405e-05 8.61140e-06 9.57278e-06 -2.26819e-06 1.76500e-06 -9.72431e-04 1.43966e-04 -8.60270e-07 2.40841e-04 -1.43380e-06 -2.65800e-04 1.79345e-04 -2.85289e-05 1.70999e-05 1.33321e-05 -7.28436e-06 -4.13325e-06 -9.54540e-05 9.90012e-05 -1.83340e-04 1.40309e-04 1.69245e-04 1.79886e-08 -4.48265e-06 -1.61093e-05 5.38612e-06 -5.54593e-05 5.53936e-05 -1.01214e-04 1.01068e-04 -4.60692e-05 2.63432e-05 1.25561e-04 -8.76964e-05 1.41550e-04 -8.76579e-05 1.23158e-04 -1.22836e-04 2.82328e-04 -2.80792e-04 7.92148e-05 -7.91300e-05 1.60563e-04 -1.60125e-04 -9.06397e-05 2.32800e-05 1.99888e-08 2.43464e-08 -9.17165e-04 4.37387e-05 -2.32917e-03 5.89868e-04 0.0 0.0 0.0 0.0 0.0 0.0 0.0 0.0 0.0 0.0 0.0 0.0 0.0 0.0 0.0 0.0 0.0 0.0 0.0 0.0 0.0 0.0 0.0 0.0 0.0 0.0 0.0 0.0 0.0 0.0 0.0 0.0 0.0 0.0 0.0 0.0 0.0 0.0 0.0 0.0 0.0 0.0 0.0 0.0 0.0 0.0 0.0 0.0 0.0 0.0 0.0 0.0 0.0 0.0 0.0 0.0 2.55127e-39 -1.96308e-37 8.26855e-04 -1.49461e-04 9.53736e-06 -4.36321e-04 -5.50269e-04 2.32550e-04 6.42130e-05 -5.10213e-05 -5.88728e-04 1.06385e-04 -4.84611e-07 1.97085e-04 1.91485e-06 -1.91432e-06 5.01123e-06 -5.01120e-06 0.0 0.0 -4.79795e-05 4.79295e-05 3.82412e-04 -3.87959e-04 -3.02800e-05 2.93741e-05 -4.27527e-04 3.57740e-04 -6.07169e-04 6.77837e-05 -6.70693e-05 2.05576e-05 -2.04783e-05 6.06394e-05 -6.06337e-05 -7.17916e-06 4.72605e-06 -2.33420e-04 1.79836e-04 6.14190e-06 -7.39669e-06 -2.30662e-04 1.77663e-04 1.00728e-04 -7.82672e-05 -8.03162e-05 6.10951e-05 6.64199e-05 -5.64251e-05 -8.68308e-05 6.32826e-05 1.09755e-04 -8.56321e-05 1.35525e-05 -9.98065e-06 -6.84351e-05 5.24449e-05 -8.19687e-05 6.30280e-05 -7.81788e-04 -3.29373e-04 -4.50520e-04 -2.38394e-04 -1.42313e-04 -4.12115e-05 -8.46524e-05 -2.71580e-05 -2.40465e-05 -3.87308e-06 1.16117e-05 1.46876e-05 1.54763e-06 -9.96820e-06 7.98400e-06 3.12098e-05 -2.44941e-05 5.47125e-05 2.00186e-05
1.11752e-03 -1.08600e-03 1.00355e+00 -1.52632e-02 1.93618e-01 -9.55064e-04 2.06763e+00 -6.25466e-01 3.43342e-03 -3.09296e-03 1.51827e-02 -3.04790e-06 -4.25487e-03 1.29490e-03 2.81018e-03 -1.74017e-01 1.00308e-03 -4.04974e-04 -6.78664e-02 4.20884e-02 -1.65674e-04 -6.02814e-04 1.13361e-01 -1.59499e-02 1.45442e-01 -2.19114e-03 -6.61162e-08 -3.23975e-02 1.34067e-02 -2.26436e-02 -6.10251e-07 -1.30592e-01 7.58196e-04 6.56082e-02 -4.29307e-02 3.71617e-02 1.43100e-02 -3.29929e-01 5.53984e-01 -2.16013e-01 -2.87081e-02 2.05353e-02 8.78276e-03 -3.10035e-01 -4.25455e-02 -1.07409e-03 1.25424e-02 -5.95721e-02 1.52983e-02 7.70998e-03 4.57930e-07 -2.75879e-04 1.33526e-04 -1.13421e-01 1.60727e-02 -5.90368e-05 3.19323e-02 -1.17381e-02 -2.74583e-02 1.65035e-02 -5.71707e-04 1.74099e-04 -8.91246e-05 -5.67317e-05 3.49364e-04 -2.69378e-04 -5.59146e-03 -2.07836e-02 1.48410e-02 4.84358e-03 -8.88428e-08 -2.35936e-07 -5.53273e-02 4.83386e-03 3.20136e-02 -3.19758e-02 1.70036e-02 -1.69788e-02 -2.61445e-02 2.44474e-02 -1.18402e-02 8.35941e-03 -3.84450e-02 1.97005e-02 -5.90900e-02 5.89290e-02 -1.53757e-01 1.52894e-01 -3.75430e-02 3.75012e-02 -8.77577e-02 8.75125e-02 3.40627e-02 -8.95636e-03 -1.13046e-05 1.03643e-06 -4.00965e-02 1.91199e-03 1.23414e+00 -3.25484e-01 -4.49893e-02 2.81477e-06 -1.11100e-03 -4.00109e-04 1.77353e-06 2.37463e-05 -2.23816e-02 1.40071e-02 -4.07631e-05 9.16452e-04 2.17118e-02 -1.02520e-03 4.63840e-05 -1.04921e-02 -1.36978e-02 9.94215e-03 -6.43415e-05 1.15193e-02 -2.00840e-02 -1.14931e-02 7.58975e-04 1.33117e-02 -6.44325e-04 3.00495e-05 -9.92089e-03 4.11763e-04 3.28394e-05 2.34209e-04 8.56833e-04 1.57278e-04 1.57797e-06 8.56543e-05 3.97507e-05 6.56724e-02 -3.36006e-02 1.58284e-01 -7.29073e-02 1.61757e-03 -4.45504e-03 -3.02764e-03 -4.18166e-04 -5.63674e-03 -1.53338e-02 7.58501e-03 -6.42510e-03 6.53365e-03 -6.13134e-03 6.95427e-04 -6.95683e-02 1.95588e-04 -1.84367e-02 3.72988e-04 3.31528e-05 -6.17533e-04 -1.98244e-05 2.02515e-05 -3.26295e-04 3.13472e-04 3.47082e-02 -6.68437e-03 1.43827e-03 -1.27474e-01 4.71024e-01 -2.11736e-01 1.79725e-03 -1.51852e-03 -3.89231e-02 7.36891e-03 -2.67070e-05 2.22898e-02 -1.26794e-03 1.26757e-03 2.13328e-04 -2.13327e-04 -3.17220e-04 7.94470e-05 2.80999e-02 -2.80703e-02 -2.02365e-01 2.05601e-01 2.58727e-02 -2.55820e-02 2.03932e-01 -1.70673e-01 2.69339e-01 -4.31584e-02 4.26684e-02 -1.76967e-02 1.76141e-02 3.12211e-03 -3.12181e-03 -7.15338e-03 6.29641e-03 9.17075e-02 -7.06066e-02 1.25243e-02 -8.86768e-03 1.17854e-01 -9.12735e-02 -5.23707e-02 4.10572e-02 3.77561e-02 -2.88987e-02 -1.84119e-02 1.63454e-02 5.86972e-02 -4.39246e-02 -7.08291e-03 5.53871e-03 2.93795e-02 -2.24088e-02 -6.49283e-02 5.14155e-02 1.10868e-02 -8.33672e-03 4.11571e-01 1.58330e-01 2.32900e-01 1.08193e-01 7.46265e-02 1.93659e-02 4.11223e-02 8.96258e-03 2.78532e-03 -4.94575e-03 1.36517e-02 -1.58036e-03 -5.30350e-07 7.57819e-03 -5.25071e-03 -1.23149e-02 9.79306e-03 -2.48809e-02 -9.26655e-03
-1.96678e-04 1.91286e-04 -1.76773e-01 2.70220e-03 -3.36814e-02 1.66298e-04 -6.25466e-01 2.25187e-01 -1.81888e-03 1.63538e-03 -2.61938e-03 5.32413e-07 8.48176e-04 -2.72748e-04 -7.99161e-04 4.27684e-02 -2.35060e-04 9.16307e-05 1.45918e-02 -9.28902e-03 -3.07878e-05 1.44489e-04 -1.90021e-02 2.65621e-03 -2.65804e-02 3.75414e-04 2.06061e-08 6.53002e-03 -2.80633e-03 3.85192e-03 2.40235e-07 2.87997e-02 -1.95807e-04 -1.09481e-02 9.64177e-03 -8.48470e-03 -4.12248e-03 8.11022e-02 -1.30306e-01 5.25060e-02 5.66702e-03 -4.11101e-03 -2.59772e-03 7.73980e-02 6.66564e-03 2.93229e-04 -4.25018e-03 1.35373e-02 -3.48154e-03 -2.63023e-03 -2.05856e-08 3.26191e-05 -6.14812e-06 2.07834e-02 -2.94930e-03 1.07671e-05 -5.88855e-03 2.17581e-03 5.11328e-03 -3.08067e-03 1.00017e-04 -3.13915e-05 1.73033e-06 1.80300e-05 -1.17532e-04 3.07150e-05 1.02733e-03 3.85749e-03 -2.75433e-03 -9.95253e-04 2.37639e-08 6.36250e-08 1.25721e-02 -1.13244e-03 -7.55078e-03 7.54189e-03 2.57013e-03 -2.56660e-03 1.33720e-02 -1.09094e-02 2.75248e-03 -1.95358e-03 3.38619e-03 -9.57249e-04 1.13344e-02 -1.13024e-02 3.16211e-02 -3.14387e-02 6.99526e-03 -6.98729e-03 1.80117e-02 -1.79603e-02 -5.23971e-03 1.42642e-03 2.38893e-06 -1.98024e-07 7.67876e-03 -3.66156e-04 -2.51692e-01 6.80172e-02 2.30732e-02 -1.44958e-06 4.76309e-04 1.73706e-04 -8.45534e-07 -1.27124e-05 1.20852e-02 -7.63232e-03 2.65751e-05 -1.52696e-03 -1.17884e-02 5.57344e-04 -2.63949e-05 5.85149e-03 6.43408e-03 -4.63424e-03 3.18379e-05 -5.15500e-03 9.07027e-03 7.23678e-03 -4.07213e-04 -6.25077e-03 3.01899e-04 -1.53349e-05 4.76641e-03 -1.94446e-04 -1.74315e-05 -1.26870e-04 -4.63745e-04 -9.64223e-05 -7.69754e-07 -4.04034e-05 -1.81155e-05 -3.08110e-02 1.58064e-02 -6.07472e-02 2.85169e-02 -7.53720e-04 2.16951e-03 1.43173e-03 1.90097e-04 2.36748e-03 6.68741e-03 -4.19422e-03 3.58217e-03 -3.15632e-03 2.98099e-03 -2.90195e-04 2.55677e-02 -9.97944e-05 8.82605e-03 -2.03016e-04 -1.67502e-05 1.99415e-04 9.45707e-06 -1.00717e-05 1.79050e-04 -1.71855e-04 -5.01665e-03 9.86370e-04 -4.22701e-04 3.19884e-02 -1.14436e-01 5.24960e-02 -3.71385e-04 3.11560e-04 7.01509e-03 -1.32828e-03 4.50230e-06 -4.01717e-03 2.88966e-04 -2.88881e-04 -4.07594e-05 4.07591e-05 9.97874e-05 -2.49927e-05 -6.69433e-03 6.68725e-03 3.85295e-02 -3.91762e-02 -6.81973e-03 6.79997e-03 -3.71866e-02 3.11247e-02 -4.77819e-02 9.52965e-03 -9.41869e-03 4.35544e-03 -4.33425e-03 -6.12820e-04 6.12762e-04 2.84261e-03 -2.38474e-03 -1.52322e-02 1.17298e-02 -3.23528e-03 2.37201e-03 -2.28176e-02 1.77160e-02 1.04664e-02 -8.25160e-03 -7.45294e-03 5.72808e-03 2.28345e-03 -2.15782e-03 -1.33043e-02 1.00382e-02 1.96184e-03 -1.53499e-03 -6.11452e-03 4.66705e-03 1.34841e-02 -1.06850e-02 -2.53846e-03 1.91971e-03 -8.29029e-02 -3.02253e-02 -4.64908e-02 -1.96467e-02 -1.49957e-02 -3.58383e-03 -7.96534e-03 -1.15941e-03 -6.69567e-04 1.04145e-03 -2.83375e-03 3.86338e-04 1.32293e-07 -2.12955e-03 1.36567e-03 1.84338e-03 -1.54283e-03 4.48709e-03 1.74659e-03
-5.07649e-06 4.93366e-06 -4.88310e-03 7.18371e-05 -1.01687e-03 4.99946e-06 3.43342e-03 -1.81888e-03 1.19182e-03 -1.07262e-03 -8.21834e-05 1.55979e-08 1.59808e-05 -4.14785e-06 -9.97280e-06 7.20296e-04 -3.16347e-06 1.43961e-06 2.08505e-04 -1.18860e-04 6.39673e-05 -3.14011e-05 -4.09917e-04 5.68285e-05 -6.50325e-04 1.00956e-05 6.58169e-11 1.16091e-04 -4.28676e-05 1.02947e-04 3.93261e-10 3.03345e-04 9.35288e-07 -3.18978e-04 4.83119e-04 -4.37882e-04 -3.72370e-05 1.15956e-03 -1.86968e-03 6.75502e-04 1.32343e-04 -9.32355e-05 -2.07490e-05 1.03271e-03 3.20821e-04 1.79849e-06 -5.10282e-05 2.07089e-04 -5.29474e-05 -2.72571e-05 -4.67870e-10 8.77244e-07 -3.28274e-07 3.77252e-04 -5.24914e-05 1.25778e-07 -9.07373e-05 2.44524e-05 5.00587e-05 -2.57057e-05 4.62488e-06 -1.65997e-06 5.47241e-06 -3.14697e-06 8.74701e-06 4.07167e-06 9.49246e-06 3.43109e-05 -2.20751e-05 8.43810e-06 1.28125e-10 2.97839e-10 1.92532e-04 -1.52597e-05 1.54586e-03 -1.54406e-03 -5.90630e-03 5.89791e-03 -1.09205e-03 6.03147e-04 -4.77008e-07 2.66426e-07 1.05390e-03 -5.87264e-04 5.75520e-04 -5.74284e-04 6.64043e-04 -6.61081e-04 4.07138e-04 -4.06750e-04 3.81140e-04 -3.80236e-04 -1.07535e-03 2.43214e-04 4.73006e-08 4.60949e-10 -2.27942e-05 1.08624e-06 -5.60424e-03 1.39808e-03 -8.33687e-09 5.08298e-13 -4.13558e-10 7.54993e-13 6.06429e-16 3.07749e-12 -4.79382e-09 2.62916e-09 -7.81040e-12 3.24678e-09 4.73374e-09 -2.19244e-10 2.35453e-12 -1.39713e-09 -2.90838e-12 1.97722e-12 -2.34879e-14 2.76220e-12 -4.56520e-12 -6.17039e-09 1.35581e-10 2.77134e-12 -1.31629e-13 1.15336e-14 -2.42010e-12 -1.65208e-14 2.26871e-12 1.16380e-11 1.11666e-10 5.31008e-11 9.07569e-16 2.60003e-14 1.09131e-14 1.89031e-11 -9.71760e-12 -4.63749e-09 1.94808e-09 1.82223e-11 -4.22264e-13 1.33141e-12 3.66394e-13 1.39451e-11 2.81117e-11 8.91333e-10 -6.17473e-10 2.62743e-13 -3.87966e-13 -2.58795e-11 4.56716e-09 7.91752e-14 -5.63981e-12 1.20856e-11 2.63004e-14 6.24525e-11 -5.38903e-15 1.20416e-14 -3.06900e-11 2.99982e-11 -1.22178e-04 2.38428e-05 -5.43347e-06 5.42188e-04 -1.39683e-03 5.95073e-04 4.58024e-06 -3.35820e-06 1.18341e-04 -2.28534e-05 5.81858e-08 -6.15672e-05 4.31068e-06 -4.30952e-06 9.48777e-08 -9.48774e-08 2.41346e-11 -6.04155e-12 1.42331e-03 -1.42177e-03 1.70790e-03 -1.73187e-03 3.48486e-04 -3.55408e-04 -2.38135e-03 1.99177e-03 -3.82459e-03 1.76040e-04 -1.74208e-04 3.31869e-05 -3.30591e-05 1.06451e-06 -1.06446e-06 1.61043e-04 -1.34501e-04 -1.26625e-03 9.66297e-04 2.02216e-04 -1.65949e-04 -1.12649e-03 8.65657e-04 2.60609e-04 -1.95448e-04 -1.34472e-04 9.58520e-05 2.06333e-04 -1.58492e-04 -1.20484e-04 8.66438e-05 6.60301e-07 -5.30081e-07 -4.24565e-06 3.11006e-06 1.42796e-06 -1.13169e-06 -3.70198e-06 2.73601e-06 -2.10516e-03 -1.63704e-03 -1.22005e-03 -1.31475e-03 -3.72159e-04 -2.58405e-04 -2.23966e-04 -2.10242e-04 -6.48171e-06 -5.77391e-06 -3.92236e-06 -4.85608e-06 5.38924e-10 5.95081e-04 -3.08898e-04 5.47219e-04 -3.29954e-04 2.97725e-04 5.50617e-05
4.51973e-06 -4.39249e-06 4.34583e-03 -6.39421e-05 9.04723e-04 -4.44816e-06 -3.09296e-03 1.63538e-03 -1.07262e-03 9.66457e-04 7.31082e-05 -1.38787e-08 -1.42263e-05 3.69278e-06 8.94694e-06 -6.44161e-04 2.84054e-06 -1.28895e-06 -1.85634e-04 1.05823e-04 -5.75756e-05 2.82861e-05 3.64632e-04 -5.05485e-05 5.78882e-04 -8.98888e-06 -5.82264e-11 -1.03351e-04 3.81653e-05 -9.16492e-05 -3.50582e-10 -2.70074e-04 -8.41898e-07 2.83969e-04 -4.33935e-04 3.93450e-04 3.33487e-05 -1.03585e-03 1.66740e-03 -6.02596e-04 -1.17826e-04 8.30022e-05 1.86000e-05 -9.22814e-04 -2.85623e-04 -1.62054e-06 4.59177e-05 -1.85717e-04 4.74858e-05 2.45296e-05 4.17368e-10 -7.80640e-07 2.92181e-07 -3.35823e-04 4.67284e-05 -1.12058e-07 8.07807e-05 -2.17610e-05 -4.45504e-05 2.28761e-05 -4.11525e-06 1.47719e-06 -4.86664e-06 2.79866e-06 -7.79135e-06 -3.62551e-06 -8.44331e-06 -3.05427e-05 1.96505e-05 -7.52224e-06 -1.13865e-10 -2.64653e-10 -1.72647e-04 1.37018e-05 -1.38527e-03 1.38366e-03 5.29477e-03 -5.28726e-03 9.75797e-04 -5.39575e-04 4.26741e-07 -2.38555e-07 -9.41718e-04 5.25334e-04 -5.15841e-04 5.14727e-04 -5.94293e-04 5.91635e-04 -3.64515e-04 3.64167e-04 -3.40973e-04 3.40163e-04 9.57537e-04 -2.17483e-04 -4.22429e-08 -4.12964e-10 2.03987e-05 -9.72085e-07 4.99960e-03 -1.24852e-03 6.88211e-09 -4.19616e-13 3.41161e-10 -6.26796e-13 -4.81282e-16 -2.54120e-12 3.95798e-09 -2.17101e-09 6.45309e-12 -2.68050e-09 -3.90844e-09 1.81023e-10 -1.94589e-12 1.15394e-09 2.25827e-12 -1.53118e-12 1.85840e-14 -2.17714e-12 3.58306e-12 5.09373e-09 -1.11954e-10 -2.14947e-12 1.02007e-13 -9.09595e-15 1.88647e-12 1.80290e-14 -1.87378e-12 -9.61445e-12 -9.22147e-11 -4.38440e-11 -7.30783e-16 -2.05609e-14 -8.63271e-15 -1.49290e-11 7.67454e-12 3.82894e-09 -1.60869e-09 -1.50339e-11 2.93372e-13 -1.13381e-12 -3.06726e-13 -1.15566e-11 -2.33447e-11 -7.36227e-10 5.10115e-10 -1.41460e-13 2.47986e-13 2.13938e-11 -3.77180e-09 -6.26149e-14 4.45401e-12 -9.98646e-12 -2.12768e-14 -5.15801e-11 4.23448e-15 -9.68709e-15 2.53491e-11 -2.47775e-11 1.08611e-04 -2.11975e-05 4.87975e-06 -4.85154e-04 1.24608e-03 -5.30965e-04 -4.07966e-06 2.99174e-06 -1.05359e-04 2.03460e-05 -5.18642e-08 5.48118e-05 -3.86295e-06 3.86191e-06 -8.50009e-08 8.50006e-08 -1.99670e-11 4.99831e-12 -1.27949e-03 1.27810e-03 -1.52519e-03 1.54672e-03 -3.13494e-04 3.19737e-04 2.12913e-03 -1.78083e-03 3.41913e-03 -1.57916e-04 1.56270e-04 -2.97335e-05 2.96188e-05 -9.54398e-07 9.54354e-07 -1.41985e-04 1.18676e-04 1.13146e-03 -8.63579e-04 -1.79909e-04 1.47678e-04 1.00538e-03 -7.72718e-04 -2.32726e-04 1.74569e-04 1.20014e-04 -8.55831e-05 -1.84361e-04 1.41647e-04 1.07354e-04 -7.72312e-05 -5.85158e-07 4.69946e-07 3.79971e-06 -2.78405e-06 -1.27677e-06 1.01200e-06 3.30817e-06 -2.44554e-06 1.88104e-03 1.46402e-03 1.08989e-03 1.17463e-03 3.32596e-04 2.31146e-04 2.00123e-04 1.87890e-04 5.79693e-06 5.17152e-06 3.50748e-06 4.34585e-06 -4.79375e-10 -5.31550e-04 2.76478e-04 -4.85393e-04 2.93049e-04 -2.66691e-04 -4.95558e-05
-2.29536e-03 2.14062e-03 -6.22793e-01 1.28480e-02 -2.23584e-02 1.17705e-04 1.51827e-02 -2.61938e-03 -8.21834e-05 7.31082e-05 7.82767e-01 -2.01189e-04 7.41565e-05 -7.33961e-05 -1.14772e-04 3.50371e-03 -8.90513e-05 6.58301e-06 -1.99252e-03 1.03962e-03 -1.70643e-05 -1.66233e-05 -1.45356e-02 2.14104e-03 4.59878e-03 1.82315e-03 7.25836e-06 -7.60605e-04 1.51043e-04 -9.05507e-04 3.27432e-04 -5.55362e-03 9.00932e-04 1.12915e-03 -1.14025e-03 9.78716e-04 -6.58104e-05 -1.86939e-03 1.20563e-02 -4.31367e-03 -1.23263e-03 8.45354e-04 -1.37702e-04 8.43020e-04 -5.30062e-03 6.73865e-04 -1.70304e-04 3.05305e-03 -8.17053e-04 -1.24864e-04 -1.42009e-04 3.51817e-05 -2.72535e-05 1.37342e-02 -2.02562e-03 1.19948e-05 -3.47412e-03 4.95191e-04 4.09658e-03 -2.75546e-03 4.79666e-04 -2.77714e-04 -9.98814e-05 3.62710e-05 2.38090e-04 1.47761e-03 -1.13934e-03 2.83862e-03 -2.17091e-03 -2.21491e-03 3.47334e-06 7.56396e-05 3.52741e-04 -9.46837e-05 9.05227e-04 -9.04154e-04 1.65667e-03 -1.65428e-03 1.10663e-03 -6.71992e-04 -1.83661e-03 1.27708e-03 -2.50248e-03 1.56066e-03 -1.98968e-03 1.98452e-03 -4.50080e-03 4.47661e-03 -1.29068e-03 1.28931e-03 -2.56235e-03 2.55543e-03 1.48977e-03 -3.82307e-04 -3.14660e-07 -3.64621e-07 1.38962e-02 -6.62674e-04 3.70657e-02 -9.29298e-03 0.0 0.0 0.0 0.0 0.0 0.0 0.0 0.0 0.0 0.0 0.0 0.0 0.0 0.0 0.0 0.0 0.0 0.0 0.0 0.0 0.0 0.0 0.0 0.0 0.0 0.0 0.0 0.0 0.0 0.0 0.0 0.0 0.0 0.0 0.0 0.0 0.0 0.0 0.0 0.0 0.0 0.0 0.0 0.0 0.0 0.0 0.0 0.0 0.0 0.0 0.0 0.0 0.0 0.0 0.0 0.0 -4.57393e-38 2.87249e-36 -1.14484e-02 2.07653e-03 -1.22893e-04 5.83162e-03 8.66526e-03 -3.64647e-03 -7.91358e-04 6.21940e-04 8.25543e-03 -1.49613e-03 6.77559e-06 -2.84340e-03 -2.92024e-05 2.91945e-05 -7.50503e-05 7.50498e-05 0.0 0.0 7.82576e-04 -7.81761e-04 -6.25267e-03 6.34212e-03 4.23458e-04 -4.06904e-04 7.01497e-03 -5.86990e-03 9.96770e-03 -1.04700e-03 1.03607e-03 -2.94890e-04 2.93800e-04 -9.04651e-04 9.04569e-04 1.83589e-04 -1.29831e-04 3.86432e-03 -2.97648e-03 -1.27102e-04 1.42848e-04 3.72901e-03 -2.87039e-03 -1.62459e-03 1.25979e-03 1.29724e-03 -9.85186e-04 -1.14867e-03 9.71364e-04 1.32324e-03 -9.59672e-04 -1.66291e-03 1.29583e-03 -1.65298e-04 1.19885e-04 1.05483e-03 -8.04994e-04 1.22142e-03 -9.38270e-04 1.25542e-02 5.33004e-03 7.25790e-03 3.90295e-03 2.28745e-03 6.70008e-04 1.37788e-03 4.62107e-04 3.66102e-04 5.22593e-05 -1.77275e-04 -2.17131e-04 -2.36677e-05 1.61266e-04 -1.29122e-04 -5.01563e-04 3.97437e-04 -8.98706e-04 -3.26847e-04
6.67805e-07 -6.19828e-07 1.52782e-04 -3.28482e-06 1.86690e-06 -1.05049e-08 -3.04790e-06 5.32413e-07 1.55979e-08 -1.38787e-08 -2.01189e-04 5.54677e-08 4.77911e-09 8.27958e-09 4.47529e-08 -1.33509e-06 2.19224e-08 -1.52080e-09 7.64339e-07 -4.52762e-07 3.27835e-09 3.21736e-09 4.33851e-06 -6.46092e-07 -6.92070e-07 -4.22944e-07 6.42170e-11 3.29959e-07 -1.15153e-07 3.90929e-07 -6.51803e-08 1.81087e-06 -1.82726e-07 -2.21492e-08 2.74794e-07 -2.40184e-07 4.34981e-08 -5.49182e-08 -2.45328e-06 8.87882e-07 4.91241e-07 -3.57740e-07 5.26724e-08 -6.65085e-07 1.59304e-06 -1.36688e-07 4.49734e-08 -7.31830e-07 1.96428e-07 3.28870e-08 3.53167e-08 -7.96343e-09 6.16396e-09 -3.82456e-06 5.68576e-07 -3.43236e-09 9.22332e-07 1.42144e-07 -9.31993e-07 6.27757e-07 -8.70361e-08 5.32298e-08 8.19395e-08 -5.20033e-08 4.03364e-08 -3.33234e-07 4.71663e-07 -6.36881e-07 4.86007e-07 7.22089e-07 9.60556e-10 -1.44709e-08 -4.78521e-08 1.73623e-08 -1.74874e-07 1.74667e-07 -3.17893e-07 3.17435e-07 -7.24390e-08 2.83828e-08 4.67995e-07 -3.28986e-07 4.12997e-07 -2.51944e-07 3.92138e-07 -3.91100e-07 9.12269e-07 -9.07249e-07 2.49336e-07 -2.49068e-07 5.18163e-07 -5.16736e-07 -2.83632e-07 7.29146e-08 6.50420e-11 8.86954e-11 -3.29567e-06 1.57174e-07 -7.48391e-06 1.91776e-06 0.0 0.0 0.0 0.0 0.0 0.0 0.0 0.0 0.0 0.0 0.0 0.0 0.0 0.0 0.0 0.0 0.0 0.0 0.0 0.0 0.0 0.0 0.0 0.0 0.0 0.0 0.0 0.0 0.0 0.0 0.0 0.0 0.0 0.0 0.0 0.0 0.0 0.0 0.0 0.0 0.0 0.0 0.0 0.0 0.0 0.0 0.0 0.0 0.0 0.0 0.0 0.0 0.0 0.0 0.0 0.0 1.50526e-41 -7.39558e-40 3.30539e-06 -5.95066e-07 4.22941e-08 -1.82944e-06 -1.78125e-06 7.55647e-07 2.92763e-07 -2.35551e-07 -2.32493e-06 4.18667e-07 -1.91489e-09 7.50598e-07 6.48225e-09 -6.48046e-09 1.82562e-08 -1.82561e-08 0.0 0.0 -1.51411e-07 1.51253e-07 1.19792e-06 -1.21544e-06 -1.14650e-07 1.12274e-07 -1.33201e-06 1.11457e-06 -1.89716e-06 2.25902e-07 -2.23493e-07 7.39427e-08 -7.36435e-08 2.21955e-07 -2.21934e-07 -1.17514e-08 6.15830e-09 -7.23977e-07 5.57858e-07 1.88247e-08 -2.28138e-08 -7.31945e-07 5.64067e-07 3.20761e-07 -2.49643e-07 -2.57512e-07 1.96117e-07 2.01859e-07 -1.71895e-07 -2.93211e-07 2.14704e-07 3.91379e-07 -3.05690e-07 6.70892e-08 -5.01379e-08 -2.55747e-07 1.97101e-07 -2.94861e-07 2.27049e-07 -2.50791e-06 -1.04670e-06 -1.44184e-06 -7.47459e-07 -4.55943e-07 -1.30012e-07 -2.68880e-07 -8.13677e-08 -8.49370e-08 -1.69165e-08 4.44415e-08 5.33981e-08 5.47839e-09 -3.20805e-08 2.56027e-08 9.86385e-08 -7.70233e-08 1.70833e-07 6.29233e-08
-6.81655e-05 6.31334e-05 -1.31657e-02 3.03144e-04 3.85155e-04 -1.75067e-06 -4.25487e-03 8.48176e-04 1.59808e-05 -1.42263e-05 7.41565e-05 4.77911e-09 4.15127e-03 -1.96829e-03 4.31370e-04 -1.13432e-02 4.02706e-05 -2.55378e-06 2.19085e-02 -1.57607e-02 3.51216e-06 3.52805e-06 2.75809e-02 -4.17816e-03 3.84401e-03 9.99366e-03 -1.23227e-04 1.58276e-02 -8.84921e-03 5.26135e-03 2.03800e-04 -3.96944e-04 7.73153e-04 -1.21199e-02 5.82390e-04 -5.28879e-04 5.99146e-04 -6.91582e-03 -3.13338e-03 1.17349e-03 1.51621e-02 -1.20995e-02 -7.31915e-04 1.66450e-02 -7.51156e-04 5.85215e-04 8.49537e-05 -1.28182e-03 3.45991e-04 6.39848e-05 6.53845e-05 -3.05414e-05 2.44431e-05 -1.46034e-02 2.20023e-03 -8.15193e-06 2.27305e-03 4.71665e-03 -1.35211e-03 8.17459e-04 7.17238e-03 -4.04238e-03 3.77248e-03 -2.85813e-03 1.55312e-03 6.02353e-03 -1.21494e-02 -4.85309e-03 3.81739e-03 1.42082e-03 -7.00944e-05 7.14225e-05 2.68619e-05 1.32789e-05 -1.90722e-04 1.90496e-04 -3.39510e-04 3.39021e-04 3.85902e-04 -3.22827e-04 9.57443e-04 -6.86171e-04 2.34657e-04 -1.15875e-04 4.47094e-04 -4.45840e-04 1.12208e-03 -1.11555e-03 2.66162e-04 -2.65872e-04 6.33292e-04 -6.31466e-04 -2.95238e-04 7.61478e-05 8.23272e-08 1.66334e-07 -5.91634e-03 2.82197e-04 -8.89566e-03 2.41369e-03 0.0 0.0 0.0 0.0 0.0 0.0 0.0 0.0 0.0 0.0 0.0 0.0 0.0 0.0 0.0 0.0 0.0 0.0 0.0 0.0 0.0 0.0 0.0 0.0 0.0 0.0 0.0 0.0 0.0 0.0 0.0 0.0 0.0 0.0 0.0 0.0 0.0 0.0 0.0 0.0 0.0 0.0 0.0 0.0 0.0 0.0 0.0 0.0 0.0 0.0 0.0 0.0 0.0 0.0 0.0 0.0 3.29460e-38 -1.40778e-36 -2.81540e-02 5.03952e-03 -4.67010e-04 1.97173e-02 -2.94132e-03 1.30079e-03 3.23085e-03 -2.70830e-03 4.32573e-03 -7.70661e-04 -1.45117e-05 4.74597e-03 9.89224e-06 -9.88935e-06 3.42367e-05 -3.42364e-05 0.0 0.0 -1.66005e-04 1.65832e-04 1.24854e-03 -1.26770e-03 -2.44399e-04 2.44958e-04 -1.33662e-03 1.11836e-03 -1.94022e-03 3.21647e-04 -3.18010e-04 1.40680e-04 -1.40020e-04 4.21654e-04 -4.21611e-04 5.93532e-05 -5.11941e-05 -7.00972e-04 5.40326e-04 1.48967e-05 -1.99294e-05 -8.19594e-04 6.33501e-04 3.64660e-04 -2.86158e-04 -3.05128e-04 2.33735e-04 1.69699e-04 -1.47346e-04 -4.38646e-04 3.27571e-04 6.89635e-04 -5.40495e-04 2.17058e-04 -1.65149e-04 -4.89746e-04 3.82805e-04 -5.29837e-04 4.09739e-04 -2.97432e-03 -1.18199e-03 -1.68830e-03 -7.80940e-04 -5.36733e-04 -1.40691e-04 -3.02212e-04 -6.09980e-05 -1.45533e-04 -4.62514e-05 8.98232e-05 9.88531e-05 1.09607e-06 -3.57187e-05 2.86149e-05 1.08007e-04 -8.19183e-05 1.73856e-04 6.61583e-05
2.64633e-05 -2.42159e-05 1.96069e-03 -7.06550e-05 -7.61114e-04 3.72958e-06 1.29490e-03 -2.72748e-04 -4.14785e-06 3.69278e-06 -7.33961e-05 8.27958e-09 -1.96829e-03 9.71745e-04 -2.23416e-04 5.55169e-03 -1.50649e-05 9.73088e-07 -1.05227e-02 7.69760e-03 -9.39154e-07 -9.57361e-07 -1.28737e-02 1.96103e-03 -2.21261e-03 -4.29573e-03 5.68930e-05 -7.47808e-03 4.31420e-03 -1.99762e-03 -6.96525e-05 7.75887e-04 -2.87997e-04 5.74185e-03 -2.20860e-04 2.03268e-04 -3.17038e-04 3.64096e-03 9.23237e-04 -3.51218e-04 -7.39450e-03 5.94480e-03 3.89820e-04 -8.10896e-03 8.05982e-04 -2.19223e-04 -3.23099e-05 4.74917e-04 -1.28365e-04 -2.44912e-05 -2.43666e-05 1.23666e-05 -1.01066e-05 6.47688e-03 -9.80617e-04 3.12509e-06 -8.83948e-04 -2.48209e-03 3.78416e-04 -2.01372e-04 -3.43891e-03 1.99306e-03 -1.83911e-03 1.41243e-03 -6.23218e-04 -2.54770e-03 5.87570e-03 2.18630e-03 -1.73782e-03 -5.20180e-04 3.31775e-05 -2.51142e-05 -1.70730e-05 -3.09152e-06 5.15861e-05 -5.15251e-05 9.06378e-05 -9.05074e-05 -1.97986e-04 1.61062e-04 -3.64058e-04 2.62862e-04 -2.46126e-05 1.78769e-06 -1.25261e-04 1.24895e-04 -3.30332e-04 3.28347e-04 -7.08194e-05 7.07416e-05 -1.85697e-04 1.85148e-04 7.74246e-05 -2.00216e-05 -2.44322e-08 -6.09630e-08 2.13133e-03 -1.01666e-04 2.53861e-03 -7.13427e-04 0.0 0.0 0.0 0.0 0.0 0.0 0.0 0.0 0.0 0.0 0.0 0.0 0.0 0.0 0.0 0.0 0.0 0.0 0.0 0.0 0.0 0.0 0.0 0.0 0.0 0.0 0.0 0.0 0.0 0.0 0.0 0.0 0.0 0.0 0.0 0.0 0.0 0.0 0.0 0.0 0.0 0.0 0.0 0.0 0.0 0.0 0.0 0.0 0.0 0.0 0.0 0.0 0.0 0.0 0.0 0.0 -1.29095e-38 5.31677e-37 1.41187e-02 -2.51426e-03 2.52279e-04 -9.79859e-03 9.78573e-04 -4.40837e-04 -1.55880e-03 1.31453e-03 -2.49024e-03 4.41017e-04 7.01421e-06 -2.16118e-03 -3.26346e-06 3.26248e-06 -1.25480e-05 1.25479e-05 0.0 0.0 4.50737e-05 -4.50265e-05 -3.26509e-04 3.31632e-04 9.23542e-05 -9.31888e-05 3.36621e-04 -2.81634e-04 4.99610e-04 -1.02151e-04 1.00959e-04 -5.06200e-05 5.03694e-05 -1.55228e-04 1.55212e-04 -2.94196e-05 2.46227e-05 1.72423e-04 -1.32889e-04 -4.68339e-06 5.89347e-06 2.25484e-04 -1.74603e-04 -1.01721e-04 8.01914e-05 8.85714e-05 -6.80426e-05 -3.87869e-05 3.41938e-05 1.42264e-04 -1.07186e-04 -2.45886e-04 1.92933e-04 -9.24680e-05 7.06025e-05 1.80795e-04 -1.41942e-04 1.89087e-04 -1.46480e-04 8.57096e-04 3.28979e-04 4.83161e-04 2.05055e-04 1.53841e-04 3.78112e-05 8.45851e-05 1.10538e-05 5.12898e-05 1.90356e-05 -3.37651e-05 -3.56683e-05 1.65486e-07 1.02816e-05 -8.13753e-06 -2.85289e-05 2.14092e-05 -4.46038e-05 -1.74081e-05
-7.98493e-05 7.48968e-05 -2.61900e-02 5.06473e-04 -1.91105e-03 9.53993e-06 2.81018e-03 -7.99161e-04 -9.97280e-06 8.94694e-06 -1.14772e-04 4.47529e-08 4.31370e-04 -2.23416e-04 3.19311e-04 -8.12093e-03 3.27248e-06 -1.17512e-06 2.52188e-03 -1.81336e-03 -1.18692e-06 -6.65493e-07 1.47655e-02 -2.24360e-03 4.45644e-03 1.35736e-04 4.05482e-07 1.81425e-03 -1.05489e-03 6.61638e-04 9.17537e-06 2.36307e-03 6.53514e-06 1.39564e-03 1.11302e-04 -1.14420e-04 5.04194e-04 -6.36309e-03 1.50701e-03 -6.06170e-04 1.86789e-03 -1.49340e-03 1.69198e-04 -3.69381e-03 1.85903e-03 1.93750e-06 1.70181e-04 -1.94938e-04 5.00487e-05 1.14920e-04 4.99337e-05 -1.28436e-05 9.77527e-06 -1.05531e-02 1.59304e-03 -9.58279e-06 2.25660e-03 2.24557e-03 -1.21187e-03 7.77355e-04 7.65636e-04 -4.67698e-04 7.34328e-04 -5.64777e-04 4.71908e-04 3.19519e-05 3.07162e-04 -1.27561e-03 9.80626e-04 1.66982e-03 5.42704e-06 7.97192e-06 -1.93563e-04 1.80453e-05 3.65291e-05 -3.64858e-05 1.12926e-04 -1.12765e-04 -1.78874e-04 1.70733e-04 6.24675e-04 -4.55603e-04 -1.19261e-04 5.69874e-05 -1.61955e-04 1.61515e-04 -4.28197e-04 4.25661e-04 -1.09689e-04 1.09558e-04 -2.45011e-04 2.44288e-04 7.46178e-05 -1.91672e-05 -3.13533e-08 1.19568e-07 -4.13561e-03 1.97278e-04 3.15853e-03 -9.10511e-04 0.0 0.0 0.0 0.0 0.0 0.0 0.0 0.0 0.0 0.0 0.0 0.0 0.0 0.0 0.0 0.0 0.0 0.0 0.0 0.0 0.0 0.0 0.0 0.0 0.0 0.0 0.0 0.0 0.0 0.0 0.0 0.0 0.0 0.0 0.0 0.0 0.0 0.0 0.0 0.0 0.0 0.0 0.0 0.0 0.0 0.0 0.0 0.0 0.0 0.0 0.0 0.0 0.0 0.0 0.0 0.0 4.08606e-38 -1.17149e-36 4.43824e-03 -7.93352e-04 9.57178e-05 -3.91525e-03 1.40731e-03 -6.50218e-04 1.12564e-03 -9.43728e-04 -4.74288e-03 8.45994e-04 -6.76104e-06 2.15073e-03 -4.62131e-06 4.61988e-06 2.46108e-05 -2.46106e-05 0.0 0.0 3.10498e-05 -3.10176e-05 -6.52568e-04 6.65470e-04 1.88584e-05 -1.71965e-05 6.42897e-04 -5.38361e-04 7.29684e-04 -1.49477e-04 1.47651e-04 -6.87562e-05 6.84035e-05 3.08820e-04 -3.08788e-04 -8.22317e-05 6.80894e-05 1.79257e-04 -1.36801e-04 6.38068e-05 -4.86985e-05 3.76262e-04 -2.93557e-04 -1.77099e-04 1.40093e-04 7.74765e-05 -5.93281e-05 -3.20211e-05 2.81135e-05 2.10285e-04 -1.60885e-04 3.72755e-04 -2.92890e-04 3.68922e-04 -2.82154e-04 -7.20681e-04 5.69704e-04 -2.60544e-04 2.03317e-04 1.13188e-03 4.45090e-04 6.26000e-04 2.95183e-04 2.10263e-04 5.76450e-05 1.07751e-04 1.60453e-05 -6.92677e-05 -6.87441e-05 1.44692e-04 5.22945e-05 5.41307e-06 8.35128e-06 -7.24281e-06 -4.16209e-05 2.92363e-05 -6.83901e-05 -2.39468e-05
