4.329757796124701966e-05 -1.885672321191787846e-08 2.944165551492008774e-24 -1.453800945632516198e-24 2.190041896388114282e-05 -2.141927568040112424e-05 7.854452711651599038e-24 -3.090386386571941928e-25 4.870616691026709245e-05 -4.508068836318852119e-05 7.250180343492898137e-05 -1.991463698960560665e-05 -6.928940318706429489e-05 6.805747703152142372e-05 7.140035317505192148e-05 -2.473554593672869857e-05 4.495487998861373330e-05 -4.021069368591090781e-05 1.662052842143487636e-24 -2.867567884140992066e-25 -3.186301421625475661e-06 2.924315235531256096e-06 4.711840827163228662e-05 -3.261549408754798706e-05 -1.512362740920405334e-06 1.693454994195978407e-06 5.689725565767055814e-05 -4.936818496684303593e-05 2.142887243166773342e-05 -1.509606346157868665e-05 1.866134567473415878e-08 -1.505391076065009350e-08 2.198860408978419725e-05 -1.925175010280722886e-05 1.492497166892458471e-06 -1.475430679726560403e-06 2.620714295423442626e-24 -2.494755474741350930e-25 1.636904339883422786e-24 -1.264784856310549888e-25 -1.648063018719759896e-24 1.695347669092227138e-24 1.671092343996290597e-24 -1.495502895113473531e-24 -3.776585399593476147e-05 1.167042756792498607e-05 -1.693142796961263338e-24 1.692580231029256855e-24
-1.885672321191787846e-08 1.291645809868994453e-08 2.138705554909364720e-24 6.058649694943003113e-25 -8.119427181039713939e-06 8.003029743874604158e-06 5.561550589972415424e-24 -2.124657560424044295e-25 8.154145155781695363e-06 -7.877885540328798765e-06 -3.718891662718917220e-06 8.557665707633503184e-07 3.722949088640930504e-06 -3.721111655650358112e-06 -2.441993274386729869e-07 7.663790606583230484e-08 -2.800513309756558302e-07 2.414446589005069637e-07 -5.165707649312107271e-24 1.125918692578382042e-24 7.901790526336045744e-07 -8.314676066920669109e-07 -1.456154850342868181e-08 -1.005474202616403993e-07 6.832643156846090071e-07 -7.058060162089430094e-07 4.345181690482647624e-06 -3.780954419438888243e-06 -8.567215871730106857e-08 6.321969643210067810e-08 -8.741583600398277827e-11 7.256862930650111772e-11 -3.422511018982445669e-08 2.862490894814406792e-08 6.369100601377342371e-08 -6.475163151117712555e-08 -4.428574151607127286e-24 4.325652587919900365e-25 -5.188028241860267283e-24 4.425230451334942978e-25 5.172279696286589778e-24 -5.135912717700372794e-24 -5.161734002112692843e-24 4.621386090003632587e-24 4.781797390119416993e-07 -9.860853731802606367e-07 5.128983041225046874e-24 -5.128786787276992563e-24
2.944165551492008774e-24 2.138705554909364720e-24 7.945483939101196658e-01 -1.342284156168405407e-01 -1.438097452571683429e-22 1.159381651232083074e-22 7.361449929032283235e-01 -4.906031529273983949e-02 -7.326568607772735442e-01 6.746579014420579501e-01 5.819457780352643717e-01 -1.506604365140639390e-01 -5.822868400078226037e-01 5.754750383867338615e-01 4.044473460041410617e-01 -1.414333714777576412e-01 -1.087588920751347485e-02 9.484846861586073222e-03 -2.040799619297570949e-03 -1.447001689745298046e-03 -4.383789121852570136e-02 3.123417152329616836e-02 -1.229439436646673073e-01 1.023651101588320123e-01 6.545602858365645593e-02 -5.714235305496198625e-02 -6.178983401093224304e-01 5.394780931835853055e-01 -3.511385493423107911e-22 2.133062012149872110e-22 1.594092174166138187e-02 -1.135770607939932605e-02 2.172317171274985512e-03 -1.864325568735905386e-03 -2.983685278982137548e-03 2.924343980846189246e-03 2.133858295260759180e-02 -3.646963919904172829e-03 1.949771780055234438e-02 -1.825731748227495295e-03 -1.924930376812552385e-02 1.839248356677364998e-02 6.749621226050567940e-03 -6.048194962510453077e-03 -4.333508510346907316e-01 1.102230296771961326e-01 -8.669526494770294495e-03 8.668821029466269867e-03
-1.453800945632516198e-24 6.058649694943003113e-25 -1.342284156168405407e-01 6.218307347766405951e-02 -1.793752133173644359e-20 1.767898940087714042e-20 -1.182878956240775159e-01 4.311208123018342442e-03 1.194188026298447503e-01 -1.129257784178505641e-01 -4.732605548528745487e-02 1.160233569407037417e-02 4.735759237639868696e-02 -4.705237987842846026e-02 -9.028148102244873754e-03 3.105138670860637350e-03 1.142671413309921929e-03 -1.070877442947524389e-03 2.176262684840173274e-03 -4.342539911168540653e-04 7.771083884073413245e-04 -9.006275630397738569e-04 1.403348698334011893e-02 -1.238733449523521900e-02 -9.799641926158196570e-03 8.397488995547621599e-03 8.698508563716886299e-02 -7.693970154920048987e-02 9.830808675576037824e-23 -6.349335712665625831e-23 -3.554509101310925328e-03 2.534076993433906008e-03 -3.125501154268862372e-04 2.671726674475601482e-04 6.010206742209694888e-04 -5.980804206890021546e-04 9.326043104761166762e-04 -1.417595301940178490e-04 2.141204860549460534e-03 -1.953774765918164097e-04 -1.979307582525723433e-03 1.908766716549746729e-03 2.135904026129667975e-03 -1.912921969869922807e-03 1.042053357750320590e-02 -6.001466000800701958e-03 -1.793302029089581529e-03 1.793219676571624656e-03
2.190041896388114282e-05 -8.119427181039713939e-06 -1.438097452571683429e-22 -1.793752133173644359e-20 1.453566181305009919e-01 -1.432737696925414639e-01 5.300434843378026588e-22 -1.119626627061143463e-23 -1.458984879057868000e-01 1.409509243685386770e-01 6.840836752190290748e-02 -1.580731451279233923e-02 -6.847804619251086911e-02 6.841910322488323204e-02 6.460216673885270031e-03 -2.097820534958920284e-03 5.586567390627539612e-03 -4.836269039847114135e-03 7.840846648987676646e-20 -1.646305927691717587e-20 -1.467482861391315209e-02 1.536773436745197084e-02 7.430375704862730163e-04 1.435202005947211479e-03 -1.267262923416387008e-02 1.304537504281798148e-02 -7.747519775284233967e-02 6.741320895502032895e-02 1.336929854596512798e-04 -9.970425256994444379e-05 1.362663407291620392e-07 -1.143503273860525735e-07 -7.902200927720160958e-04 7.149184420326572644e-04 -1.279947979659849583e-03 1.296235458167932378e-03 7.838024915049569229e-20 -7.595046280070214455e-21 7.840557722476862061e-20 -6.564768304603042276e-21 -7.831048034283600306e-20 7.831066447672411868e-20 7.840571038802061447e-20 -7.019181589215061451e-20 -1.043134163422980779e-02 1.824599481674287621e-02 -7.819908687463539576e-20 7.819642140463876977e-20
-2.141927568040112424e-05 8.003029743874604158e-06 1.159381651232083074e-22 1.767898940087714042e-20 -1.432737696925414639e-01 1.412223643743084622e-01 -7.410279687576878112e-22 1.666332040794481636e-23 1.438161464150438940e-01 -1.389288525565741672e-01 -6.785145049640289860e-02 1.569190751567650643e-02 6.792095481982289573e-02 -6.785729096529517779e-02 -6.790488120578516695e-03 2.214757082094742820e-03 -5.580328452309956701e-03 4.833399641598782291e-03 -7.722723817763695154e-20 1.621514253882787448e-20 1.461425806654793706e-02 -1.528354018818566147e-02 -7.740262684907866023e-04 -1.376740765899333099e-03 1.262320101449139476e-02 -1.298007570380597941e-02 7.636830231018892912e-02 -6.644818734150251260e-02 -1.306716597592216030e-04 9.743927121027725865e-05 -1.331566891413311688e-07 1.117313809097574957e-07 7.963758580886935159e-04 -7.195323160539156184e-04 1.279628614789054620e-03 -1.295452688424689322e-03 -7.719937970922594471e-20 7.480615647031198767e-21 -7.722440219127801092e-20 6.465870869754985353e-21 7.713055873037330076e-20 -7.713073823872319757e-20 -7.722453200182274453e-20 6.913437946732472798e-20 1.071854495334734376e-02 -1.812987449091107289e-02 7.702058969561565140e-20 -7.701798164502066458e-20
7.854452711651599038e-24 5.561550589972415424e-24 7.361449929032283235e-01 -1.182878956240775159e-01 5.300434843378026588e-22 -7.410279687576878112e-22 1.779743299734880324e+00 -8.836836700834836689e-02 -1.787361981415085399e+00 1.671087288312323116e+00 1.010958972632787001e+00 -2.561877844199560439e-01 -1.011606554184063755e+00 1.001893093406557744e+00 4.968249226799055229e-01 -1.733226223599178828e-01 -2.391878769495917739e-02 2.157308045935556889e-02 -2.878422759927848351e-02 4.058580016713195932e-03 -4.654478008604664985e-02 3.521841467007907900e-02 -2.558204250010596148e-01 2.184950744559628899e-01 1.557419543581883836e-01 -1.347378845418244209e-01 -1.396351933724871763e+00 1.227748775008236315e+00 -9.647707155285332759e-22 5.829596218787870470e-22 4.684033144921946612e-02 -3.338566148981256254e-02 4.928545621009946046e-03 -4.220474636664542367e-03 -8.199758637721803883e-03 8.113444555264422153e-03 -2.253268663070848166e-02 3.456207134460713599e-03 -2.922046092642943682e-02 2.611489773972104980e-03 2.557008570765169353e-02 -2.486736230465158570e-02 -2.871443237946144644e-02 2.571362564743992496e-02 -5.398671031490901440e-01 1.650189768155473635e-01 2.120690611824106730e-02 -2.120623945980767977e-02
-3.090386386571941928e-25 -2.124657560424044295e-25 -4.906031529273983949e-02 4.311208123018342442e-03 -1.119626627061143463e-23 1.666332040794481636e-23 -8.836836700834836689e-02 7.882749386353023885e-03 9.035554918312341255e-02 -8.284976530993004573e-02 -1.192374445407918121e-01 3.138799625912688102e-02 1.193152637574566438e-01 -1.177324424062797387e-01 -9.979856097450232055e-02 3.504811772952352161e-02 1.415908634923649691e-03 -1.167134646402896497e-03 6.879729083910449128e-04 1.758774157434779030e-04 6.945902994156501371e-03 -4.540614045304341984e-03 1.829300606094543327e-02 -1.482672319357242197e-02 -8.833423423208129968e-03 7.782016031713871219e-03 7.706111922593383845e-02 -6.725936075869520803e-02 3.618802470068123993e-23 -2.195890595686429983e-23 -1.602194433549772616e-03 1.144799410624034938e-03 -4.333550702350579909e-05 3.944947884122016889e-05 5.185218950817392820e-04 -5.055823081078925779e-04 1.887975177394436883e-03 -2.873625154629614762e-04 6.732313990417482588e-04 -5.165090108727975193e-05 -3.659869089201418443e-04 3.901206058678149957e-04 6.908517889463979336e-04 -6.181734520431742333e-04 1.042920153713112197e-01 -2.120912762023879211e-02 -6.233900441075714699e-05 6.239094412440956972e-05
4.870616691026709245e-05 8.154145155781695363e-06 -7.326568607772735442e-01 1.194188026298447503e-01 -1.458984879057868000e-01 1.438161464150438940e-01 -1.787361981415085399e+00 9.035554918312341255e-02 1.966098150240819908e+00 -1.841936239647032014e+00 -1.079218650439635718e+00 2.717878544810923280e-01 1.080211733626537995e+00 -1.070496039038042468e+00 -5.038706442128533247e-01 1.756978387412172771e-01 2.688379335743187881e-02 -2.440578652121298819e-02 3.011764222385553830e-02 -4.297138345368992779e-03 6.069861193374689878e-02 -4.981424729471120583e-02 2.675900651450149326e-01 -2.295276191386981246e-01 -1.472859386460202424e-01 1.254673981356733137e-01 1.507182892133745566e+00 -1.324262564598102321e+00 -1.426611958166162670e-04 1.062140382025295152e-04 -4.656553018542465561e-02 3.319328016320043095e-02 -3.857646075665124505e-03 3.267804690452849863e-03 9.698881515425143013e-03 -9.623778871132858057e-03 2.377749439783839736e-02 -3.645878316714046882e-03 3.057032612177471020e-02 -2.730850669174889056e-03 -2.671948848614341676e-02 2.599032337480927657e-02 3.004528332667513735e-02 -2.690532501317088876e-02 5.586238758204769006e-01 -1.836421422623945032e-01 -2.212702010051710577e-02 2.212633237888061988e-02
-4.508068836318852119e-05 -7.877885540328798765e-06 6.746579014420579501e-01 -1.129257784178505641e-01 1.409509243685386770e-01 -1.389288525565741672e-01 1.671087288312323116e+00 -8.284976530993004573e-02 -1.841936239647032014e+00 1.727053243844210106e+00 9.887526552396950219e-01 -2.485261626002302215e-01 -9.896555077053869054e-01 9.809383226135738321e-01 4.449280857690225965e-01 -1.550881119692489873e-01 -2.476153304604701566e-02 2.252301826413955627e-02 -2.792354771970222138e-02 4.055904023919889440e-03 -5.445045434785281135e-02 4.509960694291163807e-02 -2.473752710369967744e-01 2.126653673406621037e-01 1.377217482107184199e-01 -1.172478766158451535e-01 -1.405383867204587744e+00 1.235246015064505487e+00 1.443923580257256258e-04 -1.075914427047433412e-04 4.393567765906260247e-02 -3.131774849312073811e-02 3.743547142835906144e-03 -3.169542582280072702e-03 -8.973217630513372761e-03 8.908240696724883945e-03 -2.176114180195939940e-02 3.337309873063159203e-03 -2.834856906352798550e-02 2.534181248526480579e-03 2.482469995193607726e-02 -2.414001021876888142e-02 -2.785550077899588695e-02 2.494449263507593495e-02 -4.944513200270425068e-01 1.664481113861720485e-01 2.060865562648191152e-02 -2.060800371285372024e-02
7.250180343492898137e-05 -3.718891662718917220e-06 5.819457780352643717e-01 -4.732605548528745487e-02 6.840836752190290748e-02 -6.785145049640289860e-02 1.010958972632787001e+00 -1.192374445407918121e-01 -1.079218650439635718e+00 9.887526552396950219e-01 5.041210719062350520e+00 -1.332827301072047277e+00 -5.042118829086444265e+00 4.973389561820803273e+00 4.457677045015799422e+00 -1.562486177015153022e+00 3.899572984177776536e-01 -3.540662913631027475e-01 1.485285854747422918e-01 -4.506852091426274964e-02 -6.132269315515588293e-01 4.959808498311909508e-01 3.528135179302799990e-02 -1.857329750636197915e-02 -1.637738089602352454e-01 1.572688579498208727e-01 -7.204994608721464466e-01 6.261841792242035520e-01 -1.707364046351856441e-03 1.282235786292574078e-03 4.268675407182518505e-02 -3.051201707664765242e-02 -2.007309653483675335e-02 1.708062134797532633e-02 -3.669560015384505658e-02 3.608680933424541354e-02 -1.861485053497661385e-02 2.708746485328110323e-03 1.532880152346572655e-01 -1.454792200910440779e-02 -1.564050205486944289e-01 1.486995017504992023e-01 1.477146875226036937e-01 -1.323257187421878756e-01 -4.376810385375615731e+00 9.947731890127593513e-01 -1.539047640876294309e-01 1.538945361422898728e-01
-1.991463698960560665e-05 8.557665707633503184e-07 -1.506604365140639390e-01 1.160233569407037417e-02 -1.580731451279233923e-02 1.569190751567650643e-02 -2.561877844199560439e-01 3.138799625912688102e-02 2.717878544810923280e-01 -2.485261626002302215e-01 -1.332827301072047277e+00 3.527950989672248294e-01 1.333062810880099702e+00 -1.314736471609105228e+00 -1.188748631138065281e+00 4.167325539131185308e-01 -1.011713698570496367e-01 9.192041215832028045e-02 -3.843295222125809457e-02 1.170964156843248491e-02 1.583984991411648557e-01 -1.275153648196470091e-01 -7.726802734690819963e-03 4.032260787166262045e-03 4.090698067737278537e-02 -3.920434225402985584e-02 1.827247132355753478e-01 -1.587012554711337287e-01 4.552671348684588252e-04 -3.418756078298320960e-04 -1.057649718277938952e-02 7.561177026750622206e-03 5.188478303127071027e-03 -4.412545707928986621e-03 9.360864625407208650e-03 -9.199540220340304136e-03 4.858361420418656762e-03 -7.058079678447399261e-04 -3.966541881802074232e-02 3.764798147340557045e-03 4.047973284915729053e-02 -3.848436305328667428e-02 -3.822219168420781799e-02 3.424020686519532730e-02 1.166822195340580182e+00 -2.619747294083012989e-01 3.983765470281887267e-02 -3.983500605560992558e-02
-6.928940318706429489e-05 3.722949088640930504e-06 -5.822868400078226037e-01 4.735759237639868696e-02 -6.847804619251086911e-02 6.792095481982289573e-02 -1.011606554184063755e+00 1.193152637574566438e-01 1.080211733626537995e+00 -9.896555077053869054e-01 -5.042118829086444265e+00 1.333062810880099702e+00 5.043037728240014950e+00 -4.974297516190856250e+00 -4.458493376368187100e+00 1.562773719298205854e+00 -3.897959404214552670e-01 3.539226633487781992e-01 -1.485270936345585713e-01 4.507193794067501647e-02 6.133513892830838587e-01 -4.960735156308821447e-01 -3.495667856737839224e-02 1.832916288825144763e-02 1.637252319973241943e-01 -1.572266027037264036e-01 7.214527135116493017e-01 -6.270141664769608436e-01 1.707587382375050670e-03 -1.282414615417652335e-03 -4.268447310066098704e-02 3.051047969802717780e-02 2.008726772307705202e-02 -1.709263545003172555e-02 3.671025277481957533e-02 -3.610117346329877464e-02 1.864602615668907795e-02 -2.713472497223392427e-03 -1.532870597081547881e-01 1.454802581076199142e-02 1.564091190045641677e-01 -1.487027276526835806e-01 -1.477130984049000728e-01 1.323243063634350902e-01 4.377833951122490852e+00 -9.949789872197933871e-01 1.539134908082664954e-01 -1.539032613925037374e-01
6.805747703152142372e-05 -3.721111655650358112e-06 5.754750383867338615e-01 -4.705237987842846026e-02 6.841910322488323204e-02 -6.785729096529517779e-02 1.001893093406557744e+00 -1.177324424062797387e-01 -1.070496039038042468e+00 9.809383226135738321e-01 4.973389561820803273e+00 -1.314736471609105228e+00 -4.974297516190856250e+00 4.906552656989879857e+00 4.393887805549833381e+00 -1.540107148268745840e+00 3.852193093204231977e-01 -3.497442177946643582e-01 1.468213049821099347e-01 -4.453565888786286536e-02 -6.063861790662123941e-01 4.906664744840755210e-01 3.510843490486285912e-02 -1.842881109818076887e-02 -1.624004359202641523e-01 1.559837941436600373e-01 -7.144455247068035586e-01 6.209642307877476508e-01 -1.682805785296451889e-03 1.263814779664177010e-03 4.236682106928672115e-02 -3.028297029934402113e-02 -1.985875424298480171e-02 1.689914329392007766e-02 -3.633789659134482875e-02 3.573728402490922162e-02 -1.841321404445214055e-02 2.680005114229707351e-03 1.515262001170993023e-01 -1.438076898649991164e-02 -1.546089945746997318e-01 1.469917657542416101e-01 1.460167277626069071e-01 -1.308046567264624649e-01 -4.314513803724970842e+00 9.817931975145324230e-01 -1.521397416808848713e-01 1.521296306827904232e-01
7.140035317505192148e-05 -2.441993274386729869e-07 4.044473460041410617e-01 -9.028148102244873754e-03 6.460216673885270031e-03 -6.790488120578516695e-03 4.968249226799055229e-01 -9.979856097450232055e-02 -5.038706442128533247e-01 4.449280857690225965e-01 4.457677045015799422e+00 -1.188748631138065281e+00 -4.458493376368187100e+00 4.393887805549833381e+00 4.938983101534526909e+00 -1.730342390769304295e+00 5.230740791349769436e-01 -4.738359268206855934e-01 2.173753068469049254e-01 -6.253272061899380063e-02 -7.949511859924875967e-01 6.522732778396761466e-01 2.134207438950246616e-01 -1.599065767317266740e-01 -3.207786376021712904e-01 3.006366959179469500e-01 -2.289833790764064514e-01 1.924408182911127585e-01 -2.013163448785725267e-03 1.511507861649052714e-03 -5.013510788208892788e-02 3.551561380579828370e-02 -5.027810349767998510e-02 4.279941432794853728e-02 -4.525800893464138747e-02 4.455963535113640489e-02 -1.197094436525208971e-02 1.673759293544966253e-03 2.240531060571987476e-01 -2.116793963804695228e-02 -2.261052406062789566e-01 2.152959523461246416e-01 2.162359599534117716e-01 -1.937029252940490887e-01 -4.836677248234641624e+00 1.135546743528005553e+00 -2.202122319734273748e-01 2.201980313699779535e-01
-2.473554593672869857e-05 7.663790606583230484e-08 -1.414333714777576412e-01 3.105138670860637350e-03 -2.097820534958920284e-03 2.214757082094742820e-03 -1.733226223599178828e-01 3.504811772952352161e-02 1.756978387412172771e-01 -1.550881119692489873e-01 -1.562486177015153022e+00 4.167325539131185308e-01 1.562773719298205854e+00 -1.540107148268745840e+00 -1.730342390769304295e+00 6.062491872835338302e-01 -1.813461252164797477e-01 1.643042657813650886e-01 -7.546173239821224454e-02 2.173354865020966920e-02 2.758583774896191665e-01 -2.260855420086064771e-01 -7.278304677917796228e-02 5.458699136496210358e-02 1.103642898598705402e-01 -1.034180707149406631e-01 8.086258054564944564e-02 -6.799187879575190052e-02 6.998406264358485824e-04 -5.254473963096119304e-04 1.741398620488500415e-02 -1.233569739748627617e-02 1.741787582308175486e-02 -1.482631507166188439e-02 1.565843369977797106e-02 -1.541468988797646891e-02 4.219538966919731023e-03 -5.902750356460944973e-04 -7.778116406552951223e-02 7.348972767782313911e-03 7.850424975315653531e-02 -7.474979940319044502e-02 -7.506598836283953635e-02 6.724370261449612307e-02 1.694762230389382562e+00 -3.963250199061766899e-01 7.646747101725648310e-02 -7.646253808439756883e-02
4.495487998861373330e-05 -2.800513309756558302e-07 -1.087588920751347485e-02 1.142671413309921929e-03 5.586567390627539612e-03 -5.580328452309956701e-03 -2.391878769495917739e-02 1.415908634923649691e-03 2.688379335743187881e-02 -2.476153304604701566e-02 3.899572984177776536e-01 -1.011713698570496367e-01 -3.897959404214552670e-01 3.852193093204231977e-01 5.230740791349769436e-01 -1.813461252164797477e-01 2.942176783217631542e-01 -2.645221426430499623e-01 1.068515110241406579e-01 -2.866125566860255533e-02 -3.834563589896201607e-01 3.320067431655951973e-01 2.378198772643908554e-01 -1.758240259689580476e-01 -2.340036602639323782e-01 2.197633207852282555e-01 1.762394439592797624e-01 -1.558845068769400544e-01 -5.238460278882706980e-04 3.932293461843768315e-04 -1.869825605106924596e-02 1.328530031919595081e-02 -2.093605154196498397e-02 1.790943981745458241e-02 -2.012403485314894283e-02 1.999876936331189403e-02 3.082218955735132378e-03 -4.991294201909324615e-04 1.099627042420014689e-01 -1.033157566508074304e-02 -1.094834435320421739e-01 1.044486601179134555e-01 1.063221541921442748e-01 -9.523951860658183555e-02 -4.832359543285142944e-01 2.125440263669681196e-01 -1.052968194672624230e-01 1.052902897753289074e-01
-4.021069368591090781e-05 2.414446589005069637e-07 9.484846861586073222e-03 -1.070877442947524389e-03 -4.836269039847114135e-03 4.833399641598782291e-03 2.157308045935556889e-02 -1.167134646402896497e-03 -2.440578652121298819e-02 2.252301826413955627e-02 -3.540662913631027475e-01 9.192041215832028045e-02 3.539226633487781992e-01 -3.497442177946643582e-01 -4.738359268206855934e-01 1.643042657813650886e-01 -2.645221426430499623e-01 2.378669652344040653e-01 -9.799605768314388621e-02 2.631005838562960886e-02 3.466261007667489347e-01 -2.995376313197505302e-01 -2.126906788907021451e-01 1.573618110014392557e-01 2.093135209155076448e-01 -1.965285172471683828e-01 -1.580192117998128198e-01 1.397821689399955103e-01 4.700082933142165059e-04 -3.528162416392548748e-04 1.678003175324635499e-02 -1.192230044641201352e-02 1.871284711012943108e-02 -1.600701642932619850e-02 1.796014173779024448e-02 -1.784756590253563924e-02 -2.760750220367316158e-03 4.477409359728927972e-04 -1.008506319461490164e-01 9.475857344710458818e-03 1.004217424523798918e-01 -9.580223095932263733e-02 -9.751035104130299780e-02 8.734624926098896736e-02 4.381400275088457308e-01 -1.910570971767067139e-01 9.659169810475311257e-02 -9.658570627276015508e-02
1.662052842143487636e-24 -5.165707649312107271e-24 -2.040799619297570949e-03 2.176262684840173274e-03 7.840846648987676646e-20 -7.722723817763695154e-20 -2.878422759927848351e-02 6.879729083910449128e-04 3.011764222385553830e-02 -2.792354771970222138e-02 1.485285854747422918e-01 -3.843295222125809457e-02 -1.485270936345585713e-01 1.468213049821099347e-01 2.173753068469049254e-01 -7.546173239821224454e-02 1.068515110241406579e-01 -9.799605768314388621e-02 1.214873913427460872e+00 -3.071383310833634139e-01 -1.306808648682821872e+00 1.036647179659212270e+00 2.533899063464740697e-01 -2.240600237903775105e-01 -2.401925578921885185e-01 2.113308120666365086e-01 1.883022143344592614e-01 -1.697934348300071949e-01 -4.693757228912078358e-23 5.390701990807181562e-23 -4.728775160087058359e-03 3.344605263003899969e-03 -2.655235482182441258e-03 2.253955472912249486e-03 -2.030362794882853948e-03 2.019963313814351728e-03 7.921350315891362293e-03 -1.296424460234902720e-03 1.250724542915743420e+00 -1.176693392126365589e-01 -1.249499169669022525e+00 1.191478807233833814e+00 1.208767332521690552e+00 -1.082779136532597164e+00 -2.130549874186323245e-01 9.017425032856241085e-02 -1.206126264046331276e+00 1.206050660917096895e+00
-2.867567884140992066e-25 1.125918692578382042e-24 -1.447001689745298046e-03 -4.342539911168540653e-04 -1.646305927691717587e-20 1.621514253882787448e-20 4.058580016713195932e-03 1.758774157434779030e-04 -4.297138345368992779e-03 4.055904023919889440e-03 -4.506852091426274964e-02 1.170964156843248491e-02 4.507193794067501647e-02 -4.453565888786286536e-02 -6.253272061899380063e-02 2.173354865020966920e-02 -2.866125566860255533e-02 2.631005838562960886e-02 -3.071383310833634139e-01 7.780436574939164629e-02 3.327359876973385311e-01 -2.634081845788431298e-01 -6.255090612940519823e-02 5.544206894238824790e-02 5.987139224966044060e-02 -5.266436302769908484e-02 -4.436196541003643856e-02 4.010151581681800637e-02 3.197778185180177899e-24 -7.256094859274747577e-24 1.241531781944798770e-03 -8.780209638525393124e-04 6.934744986169836612e-04 -5.886230162498802716e-04 5.275027953328538348e-04 -5.244515829303790944e-04 -1.760745037371988075e-03 2.901585607194383243e-04 -3.162063115300837723e-01 2.975044894362624537e-02 3.159351104948627253e-01 -3.012595316991470429e-01 -3.055936956699455420e-01 2.737421599411529183e-01 6.158149898256335547e-02 -2.450830604696574086e-02 3.050059311852276189e-01 -3.049868054652157268e-01
-3.186301421625475661e-06 7.901790526336045744e-07 -4.383789121852570136e-02 7.771083884073413245e-04 -1.467482861391315209e-02 1.461425806654793706e-02 -4.654478008604664985e-02 6.945902994156501371e-03 6.069861193374689878e-02 -5.445045434785281135e-02 -6.132269315515588293e-01 1.583984991411648557e-01 6.133513892830838587e-01 -6.063861790662123941e-01 -7.949511859924875967e-01 2.758583774896191665e-01 -3.834563589896201607e-01 3.466261007667489347e-01 -1.306808648682821872e+00 3.327359876973385311e-01 1.704419322352113797e+00 -1.380432291025350811e+00 -4.542632557004585014e-01 3.712118775653031610e-01 4.739507399028374257e-01 -4.314555571766020003e-01 -2.511970307794547108e-01 2.268417492574315020e-01 5.147250468477992426e-04 -3.872899681483783860e-04 2.289747837041012160e-02 -1.624792557791768233e-02 2.498564130585660334e-02 -2.134988523764503113e-02 2.401717081569946718e-02 -2.386049872580333145e-02 -4.276719509079202411e-03 7.298016426700925730e-04 -1.345449001227431829e+00 1.266065474742205377e-01 1.344804830881899615e+00 -1.282269004732119688e+00 -1.300225975275886015e+00 1.164706649989299292e+00 7.695966342398931070e-01 -3.255736255699420711e-01 1.298788703149726054e+00 -1.298707166147199610e+00
2.924315235531256096e-06 -8.314676066920669109e-07 3.123417152329616836e-02 -9.006275630397738569e-04 1.536773436745197084e-02 -1.528354018818566147e-02 3.521841467007907900e-02 -4.540614045304341984e-03 -4.981424729471120583e-02 4.509960694291163807e-02 4.959808498311909508e-01 -1.275153648196470091e-01 -4.960735156308821447e-01 4.906664744840755210e-01 6.522732778396761466e-01 -2.260855420086064771e-01 3.320067431655951973e-01 -2.995376313197505302e-01 1.036647179659212270e+00 -2.634081845788431298e-01 -1.380432291025350811e+00 1.125538851526835415e+00 3.968213098765447922e-01 -3.206977301811792525e-01 -4.139665966277514264e-01 3.782600993239650933e-01 2.205296032649703419e-01 -1.986823800251309446e-01 -4.681660643319922105e-04 3.522779709622090335e-04 -2.025026258175268573e-02 1.437178153101855045e-02 -2.314498182172199103e-02 1.978587825392290334e-02 -2.256754445972285195e-02 2.242835453768664278e-02 3.968221518908389422e-03 -6.670236210656011692e-04 1.067288640014343093e+00 -1.004281600432514743e-01 -1.066684841013168406e+00 1.017094561268650832e+00 1.031427288706814327e+00 -9.239239794884502865e-01 -6.281403082636178858e-01 2.812460336578749831e-01 -1.030097024560099994e+00 1.030032372842196953e+00
4.711840827163228662e-05 -1.456154850342868181e-08 -1.229439436646673073e-01 1.403348698334011893e-02 7.430375704862730163e-04 -7.740262684907866023e-04 -2.558204250010596148e-01 1.829300606094543327e-02 2.675900651450149326e-01 -2.473752710369967744e-01 3.528135179302799990e-02 -7.726802734690819963e-03 -3.495667856737839224e-02 3.510843490486285912e-02 2.134207438950246616e-01 -7.278304677917796228e-02 2.378198772643908554e-01 -2.126906788907021451e-01 2.533899063464740697e-01 -6.255090612940519823e-02 -4.542632557004585014e-01 3.968213098765447922e-01 5.108868240344459632e-01 -4.136803933108730291e-01 -4.730038645413138232e-01 4.302135032197670905e-01 5.330049161790331169e-01 -4.727384076039238825e-01 -4.346691838682459818e-04 3.261632065756277254e-04 -2.059884278517267256e-02 1.464468232151891480e-02 -1.983550071734444670e-02 1.697871988018757189e-02 -1.828017730554051812e-02 1.819627946004130636e-02 1.126032056401538028e-02 -1.755486778784071415e-03 2.606914294086982720e-01 -2.446760123398310574e-02 -2.588951248586616183e-01 2.470797837684785558e-01 2.521481781610480644e-01 -2.258637260713481920e-01 -1.716864005369537205e-01 1.453233426831022079e-01 -2.484146238883282176e-01 2.483993369203332802e-01
-3.261549408754798706e-05 -1.005474202616403993e-07 1.023651101588320123e-01 -1.238733449523521900e-02 1.435202005947211479e-03 -1.376740765899333099e-03 2.184950744559628899e-01 -1.482672319357242197e-02 -2.295276191386981246e-01 2.126653673406621037e-01 -1.857329750636197915e-02 4.032260787166262045e-03 1.832916288825144763e-02 -1.842881109818076887e-02 -1.599065767317266740e-01 5.458699136496210358e-02 -1.758240259689580476e-01 1.573618110014392557e-01 -2.240600237903775105e-01 5.544206894238824790e-02 3.712118775653031610e-01 -3.206977301811792525e-01 -4.136803933108730291e-01 3.392162557450433824e-01 3.840426430530931023e-01 -3.476633356046240353e-01 -4.421016819432307399e-01 3.924032079396679862e-01 3.333446911687650287e-04 -2.501838634101327913e-04 1.599531530761676840e-02 -1.137213560457390332e-02 1.434171910558479889e-02 -1.226796086485047212e-02 1.281463354824236359e-02 -1.275139288280284153e-02 -8.848372707059445896e-03 1.380680828445091188e-03 -2.305366317381245256e-01 2.164410517343013513e-02 2.291251363257010287e-01 -2.186445123654053857e-01 -2.229583526464599952e-01 1.997170982363166147e-01 1.290648734554038501e-01 -1.051655161385337267e-01 2.200225995797389089e-01 -2.200090266231487235e-01
-1.512362740920405334e-06 6.832643156846090071e-07 6.545602858365645593e-02 -9.799641926158196570e-03 -1.267262923416387008e-02 1.262320101449139476e-02 1.557419543581883836e-01 -8.833423423208129968e-03 -1.472859386460202424e-01 1.377217482107184199e-01 -1.637738089602352454e-01 4.090698067737278537e-02 1.637252319973241943e-01 -1.624004359202641523e-01 -3.207786376021712904e-01 1.103642898598705402e-01 -2.340036602639323782e-01 2.093135209155076448e-01 -2.401925578921885185e-01 5.987139224966044060e-02 4.739507399028374257e-01 -4.139665966277514264e-01 -4.730038645413138232e-01 3.840426430530931023e-01 4.769799661894192910e-01 -4.347175016396222502e-01 -4.183357384889528907e-01 3.727020554062477897e-01 4.297054388021282118e-04 -3.234380304494098145e-04 1.977322033115922612e-02 -1.405192095417335564e-02 2.164050598581109680e-02 -1.851832122595337832e-02 2.071189752168245413e-02 -2.060500148430964920e-02 -5.601271828296338316e-03 8.781855479221559657e-04 -2.472063740508833041e-01 2.323272258546510427e-02 2.463135679235949060e-01 -2.349630522796725685e-01 -2.389986933331044172e-01 2.140867529085969667e-01 2.933040473796299508e-01 -1.795584302820320000e-01 2.371346874315270470e-01 -2.371199427516486602e-01
1.693454994195978407e-06 -7.058060162089430094e-07 -5.714235305496198625e-02 8.397488995547621599e-03 1.304537504281798148e-02 -1.298007570380597941e-02 -1.347378845418244209e-01 7.782016031713871219e-03 1.254673981356733137e-01 -1.172478766158451535e-01 1.572688579498208727e-01 -3.920434225402985584e-02 -1.572266027037264036e-01 1.559837941436600373e-01 3.006366959179469500e-01 -1.034180707149406631e-01 2.197633207852282555e-01 -1.965285172471683828e-01 2.113308120666365086e-01 -5.266436302769908484e-02 -4.314555571766020003e-01 3.782600993239650933e-01 4.302135032197670905e-01 -3.476633356046240353e-01 -4.347175016396222502e-01 3.968884691965152145e-01 3.739361308255010896e-01 -3.331111097021097756e-01 -3.984097070666459150e-04 2.998850268196436800e-04 -1.823228538902790102e-02 1.295657994289827787e-02 -2.049535192292492591e-02 1.754268401558401261e-02 -1.979516162145996197e-02 1.969524705106926940e-02 5.016975494774377625e-03 -7.866610544880270686e-04 2.175002487117026206e-01 -2.044038126594475979e-02 -2.167007260505823818e-01 2.067166892927604360e-01 2.102806941704920551e-01 -1.883621329308127756e-01 -2.748043415753049779e-01 1.696645784583081240e-01 -2.086113633248131150e-01 2.085983948197608906e-01
5.689725565767055814e-05 4.345181690482647624e-06 -6.178983401093224304e-01 8.698508563716886299e-02 -7.747519775284233967e-02 7.636830231018892912e-02 -1.396351933724871763e+00 7.706111922593383845e-02 1.507182892133745566e+00 -1.405383867204587744e+00 -7.204994608721464466e-01 1.827247132355753478e-01 7.214527135116493017e-01 -7.144455247068035586e-01 -2.289833790764064514e-01 8.086258054564944564e-02 1.762394439592797624e-01 -1.580192117998128198e-01 1.883022143344592614e-01 -4.436196541003643856e-02 -2.511970307794547108e-01 2.205296032649703419e-01 5.330049161790331169e-01 -4.421016819432307399e-01 -4.183357384889528907e-01 3.739361308255010896e-01 2.283944356876351556e+00 -2.027576275706482800e+00 -3.160411454606021462e-04 2.366950208963298965e-04 -4.357024817141666451e-02 3.102371318666139605e-02 -1.476242065570939135e-02 1.262534064585590227e-02 -4.339102900067059142e-03 4.350513076515438379e-03 2.640475452995940178e-02 -4.055756388629371510e-03 1.933930011674962479e-01 -1.803937972926555541e-02 -1.891216093140178356e-01 1.808864107318813863e-01 1.874401317036276104e-01 -1.678945474977299179e-01 2.968750973660036485e-01 -3.950676566294099995e-02 -1.786466728140977123e-01 1.786362218657274459e-01
-4.936818496684303593e-05 -3.780954419438888243e-06 5.394780931835853055e-01 -7.693970154920048987e-02 6.741320895502032895e-02 -6.644818734150251260e-02 1.227748775008236315e+00 -6.725936075869520803e-02 -1.324262564598102321e+00 1.235246015064505487e+00 6.261841792242035520e-01 -1.587012554711337287e-01 -6.270141664769608436e-01 6.209642307877476508e-01 1.924408182911127585e-01 -6.799187879575190052e-02 -1.558845068769400544e-01 1.397821689399955103e-01 -1.697934348300071949e-01 4.010151581681800637e-02 2.268417492574315020e-01 -1.986823800251309446e-01 -4.727384076039238825e-01 3.924032079396679862e-01 3.727020554062477897e-01 -3.331111097021097756e-01 -2.027576275706482800e+00 1.800683555170018657e+00 2.768824788346822417e-04 -2.073778030346958316e-04 3.852541073490358542e-02 -2.743117541208106580e-02 1.305642812932798422e-02 -1.116569346968158093e-02 3.880952820587365432e-03 -3.889845130296322191e-03 -2.315589889640590898e-02 3.557113258258948283e-03 -1.743959331491346521e-01 1.627140534674154787e-02 1.706503597566240427e-01 -1.632049448981970630e-01 -1.690138970599542878e-01 1.513899667243086000e-01 -2.516425529846891274e-01 3.213938402450966514e-02 1.613023680122104286e-01 -1.612929114430249333e-01
2.142887243166773342e-05 -8.567215871730106857e-08 -3.511385493423107911e-22 9.830808675576037824e-23 1.336929854596512798e-04 -1.306716597592216030e-04 -9.647707155285332759e-22 3.618802470068123993e-23 -1.426611958166162670e-04 1.443923580257256258e-04 -1.707364046351856441e-03 4.552671348684588252e-04 1.707587382375050670e-03 -1.682805785296451889e-03 -2.013163448785725267e-03 6.998406264358485824e-04 -5.238460278882706980e-04 4.700082933142165059e-04 -4.693757228912078358e-23 3.197778185180177899e-24 5.147250468477992426e-04 -4.681660643319922105e-04 -4.346691838682459818e-04 3.333446911687650287e-04 4.297054388021282118e-04 -3.984097070666459150e-04 -3.160411454606021462e-04 2.768824788346822417e-04 1.422816735560940640e-03 -1.048161817433328853e-03 1.448693496457871402e-06 -1.200969436472886747e-06 1.425566881745768269e-03 -1.247172518385500709e-03 1.403633806001554612e-04 -1.376314070287086274e-04 -1.687676600232983525e-22 1.579243992941357013e-23 -4.322496839001169995e-23 2.270885576621630244e-24 4.439617593460646724e-23 -5.042343022419232752e-23 -4.758282757474716714e-23 4.253125840082503787e-23 1.826178163828990437e-03 -5.674628163657988774e-04 4.982344951994484767e-23 -4.984399413986354093e-23
-1.509606346157868665e-05 6.321969643210067810e-08 2.133062012149872110e-22 -6.349335712665625831e-23 -9.970425256994444379e-05 9.743927121027725865e-05 5.829596218787870470e-22 -2.195890595686429983e-23 1.062140382025295152e-04 -1.075914427047433412e-04 1.282235786292574078e-03 -3.418756078298320960e-04 -1.282414615417652335e-03 1.263814779664177010e-03 1.511507861649052714e-03 -5.254473963096119304e-04 3.932293461843768315e-04 -3.528162416392548748e-04 5.390701990807181562e-23 -7.256094859274747577e-24 -3.872899681483783860e-04 3.522779709622090335e-04 3.261632065756277254e-04 -2.501838634101327913e-04 -3.234380304494098145e-04 2.998850268196436800e-04 2.366950208963298965e-04 -2.073778030346958316e-04 -1.048161817433328853e-03 7.763732083660328850e-04 -1.081679561043245933e-06 8.999071745966632780e-07 -1.075936722288585922e-03 9.413030455741449318e-04 -1.056661711165086725e-04 1.036113623289215127e-04 1.286840133072483177e-22 -1.212617196509209303e-23 5.162985195256051403e-23 -3.495285303111567420e-24 -5.227041129076122546e-23 5.597013676691851921e-23 5.430484873418632586e-23 -4.857483817366477101e-23 -1.371597666510564195e-03 4.264263120818536181e-04 -5.550119642181533864e-23 5.551558598032299314e-23
1.866134567473415878e-08 -8.741583600398277827e-11 1.594092174166138187e-02 -3.554509101310925328e-03 1.362663407291620392e-07 -1.331566891413311688e-07 4.684033144921946612e-02 -1.602194433549772616e-03 -4.656553018542465561e-02 4.393567765906260247e-02 4.268675407182518505e-02 -1.057649718277938952e-02 -4.268447310066098704e-02 4.236682106928672115e-02 -5.013510788208892788e-02 1.741398620488500415e-02 -1.869825605106924596e-02 1.678003175324635499e-02 -4.728775160087058359e-03 1.241531781944798770e-03 2.289747837041012160e-02 -2.025026258175268573e-02 -2.059884278517267256e-02 1.599531530761676840e-02 1.977322033115922612e-02 -1.823228538902790102e-02 -4.357024817141666451e-02 3.852541073490358542e-02 1.448693496457871402e-06 -1.081679561043245933e-06 9.147267050299984215e-02 -6.508908462154472385e-02 2.372031267259220796e-02 -2.018855158493915863e-02 1.289078680305164341e-03 -1.280280218534501219e-03 -2.753267364452407812e-04 4.155271341239043329e-05 -4.863693777826036749e-03 4.560322235058966115e-04 4.818588518988291963e-03 -4.600273666572484918e-03 -4.705838277270886320e-03 4.215266819917206677e-03 4.839073499503768194e-02 -1.874939456956126183e-02 4.614043999157236078e-03 -4.613762029418704870e-03
-1.505391076065009350e-08 7.256862930650111772e-11 -1.135770607939932605e-02 2.534076993433906008e-03 -1.143503273860525735e-07 1.117313809097574957e-07 -3.338566148981256254e-02 1.144799410624034938e-03 3.319328016320043095e-02 -3.131774849312073811e-02 -3.051201707664765242e-02 7.561177026750622206e-03 3.051047969802717780e-02 -3.028297029934402113e-02 3.551561380579828370e-02 -1.233569739748627617e-02 1.328530031919595081e-02 -1.192230044641201352e-02 3.344605263003899969e-03 -8.780209638525393124e-04 -1.624792557791768233e-02 1.437178153101855045e-02 1.464468232151891480e-02 -1.137213560457390332e-02 -1.405192095417335564e-02 1.295657994289827787e-02 3.102371318666139605e-02 -2.743117541208106580e-02 -1.200969436472886747e-06 8.999071745966632780e-07 -6.508908462154472385e-02 4.631724551700053261e-02 -1.681561613845511741e-02 1.431201218216644755e-02 -9.148311952286903746e-04 9.085999251283140765e-04 1.956315690249255514e-04 -2.952417700917709181e-05 3.440014677499132235e-03 -3.225388193076842856e-04 -3.407965002373640126e-03 3.253581017932676359e-03 3.328385325278673899e-03 -2.981409449729744299e-03 -3.427230893319658384e-02 1.329475356691057694e-02 -3.263161947901238504e-03 3.262962559179929684e-03
